test_6_1.lh	1,2,3,4,5,6,-6,-5,-4,-3,-2,-1,1,2,3,4,5,6,-6,-5,-4,-3,-2,	3,4,4,4,4,4,	6:-6:2,-1:1:1,
test_6_2.lh	1,2,2,3,4,5,5,6,-6,-5,-4,-4,-3,-2,-1,1,2,3,4,5,6,-6,-5,-4,-3,-2,	3,5,4,5,5,4,	2:2:1,5:5:1,6:-6:2,-4:-4:1,-1:1:1,
test_6_3.lh	1,2,3,4,4,5,6,-6,-6,-5,-5,-4,-3,-2,-2,-1,-1,1,2,3,4,5,6,-6,6,-6,-5,5,	4,4,3,4,6,7,	4:4:1,6:-6:3,-6:-6:1,-5:-5:1,-2:-2:1,-1:-1:1,-1:1:1,-6:6:1,-5:5:1,
test_6_4.lh	1,2,3,4,5,5,6,-6,-5,-4,-3,-2,-1,1,2,	3,3,2,2,3,2,	5:5:1,6:-6:1,-1:1:1,
test_6_5.lh	1,2,2,3,4,5,6,6,-6,-5,-4,-4,-3,-3,-2,-1,1,2,-2,	3,5,3,3,2,3,	2:2:1,6:6:1,6:-6:1,-4:-4:1,-3:-3:1,-1:1:1,2:-2:1,
test_6_7.lh	1,2,2,3,4,4,5,6,-6,-5,-4,-3,-2,-1,1,2,3,4,5,6,-6,-5,-4,4,5,6,-6,-5,	3,4,3,6,6,6,	2:2:1,4:4:1,6:-6:3,-1:1:1,-4:4:1,
test_6_8.lh	1,2,3,4,5,6,-6,-5,-4,-3,-2,-1,1,2,-2,	3,4,2,2,2,2,	6:-6:1,-1:1:1,2:-2:1,
test_6_9.lh	1,2,3,4,5,6,-6,-5,-4,-3,-2,-1,1,2,3,4,5,6,-6,-5,-4,-3,3,4,5,6,-6,-5,-4,-3,	3,3,6,6,6,6,	6:-6:3,-1:1:1,-3:3:1,
test_6_10.lh	1,2,3,4,5,6,-6,-5,-4,-3,-2,-1,1,	3,2,2,2,2,2,	6:-6:1,-1:1:1,
test_6_11.lh	1,2,3,4,5,6,-6,-5,-4,-3,-2,-1,1,	3,2,2,2,2,2,	6:-6:1,-1:1:1,
test_6_12.lh	1,2,3,4,5,6,-6,-5,-4,-3,-2,-1,1,2,3,4,5,6,-6,-5,-4,-3,-2,2,3,-3,	3,5,6,4,4,4,	6:-6:2,-1:1:1,-2:2:1,3:-3:1,
test_6_13.lh	1,2,3,4,5,5,6,6,-6,-5,-4,-3,-2,-1,1,2,3,4,-4,-3,	3,3,4,4,3,3,	5:5:1,6:6:1,6:-6:1,-1:1:1,4:-4:1,
test_6_14.lh	1,2,3,4,5,6,-6,-5,-4,-3,-2,-1,1,2,3,4,5,6,-6,-5,	3,3,3,3,4,4,	6:-6:2,-1:1:1,
test_6_15.lh	1,2,3,3,4,5,6,-6,-6,-5,-4,-4,-3,-2,-1,1,2,3,4,5,6,-6,-5,-4,-3,-2,2,	3,5,5,5,4,5,	3:3:1,6:-6:2,-6:-6:1,-4:-4:1,-1:1:1,-2:2:1,
test_6_16.lh	1,2,3,4,5,6,-6,-5,-4,-3,-2,-1,1,2,3,4,5,6,-6,-5,-4,-3,-2,	3,4,4,4,4,4,	6:-6:2,-1:1:1,
test_6_17.lh	1,2,3,4,5,6,-6,-5,-4,-3,-2,-1,1,	3,2,2,2,2,2,	6:-6:1,-1:1:1,
test_6_18.lh	1,2,3,4,5,6,-6,-5,-4,-3,-3,-2,-1,-1,1,2,3,4,5,6,-6,-5,-4,-3,3,4,5,6,-6,-5,	4,3,6,5,6,6,	6:-6:3,-3:-3:1,-1:-1:1,-1:1:1,-3:3:1,
test_6_19.lh	1,2,3,4,5,6,-6,-5,-4,-3,-2,-1,1,	3,2,2,2,2,2,	6:-6:1,-1:1:1,
test_6_20.lh	1,2,3,4,5,6,-6,-5,-4,-3,-2,-1,1,	3,2,2,2,2,2,	6:-6:1,-1:1:1,
test_6_21.lh	1,2,3,4,5,6,-6,-5,-4,-3,-2,-1,1,	3,2,2,2,2,2,	6:-6:1,-1:1:1,
test_6_22.lh	1,2,3,4,5,6,-6,-5,-4,-3,-2,-1,1,2,3,4,5,6,-6,-5,-4,	3,3,3,4,4,4,	6:-6:2,-1:1:1,
test_6_23.lh	1,2,3,4,5,6,-6,-5,-4,-3,-2,-1,1,2,3,4,5,6,-6,-5,-4,-3,3,4,5,6,	3,3,5,5,5,5,	6:-6:2,-1:1:1,-3:3:1,
test_6_24.lh	1,2,3,4,5,6,-6,-5,-4,-3,-2,-1,1,2,3,4,5,6,-6,-5,-4,-3,	3,3,4,4,4,4,	6:-6:2,-1:1:1,
test_6_25.lh	1,2,3,4,5,6,-6,-5,-4,-3,-2,-1,1,2,3,-3,-2,	3,4,4,2,2,2,	6:-6:1,-1:1:1,3:-3:1,
test_6_26.lh	1,2,3,4,5,6,-6,-5,-4,-4,-3,-3,-2,-1,-1,1,2,3,4,5,6,-6,-5,-4,-3,3,4,5,6,-6,-5,-4,-3,	4,3,7,7,6,6,	6:-6:3,-4:-4:1,-3:-3:1,-1:-1:1,-1:1:1,-3:3:1,
test_6_27.lh	1,2,3,4,5,6,-6,-5,-4,-3,-2,-1,1,	3,2,2,2,2,2,	6:-6:1,-1:1:1,
test_6_28.lh	1,2,3,4,4,5,6,-6,-5,-4,-3,-2,-1,1,2,3,4,5,6,-6,-5,-4,-3,3,4,5,6,-6,-5,	3,3,5,6,6,6,	4:4:1,6:-6:3,-1:1:1,-3:3:1,
test_6_29.lh	1,2,3,4,5,6,-6,-5,-4,-3,-2,-1,1,2,3,-3,	3,3,4,2,2,2,	6:-6:1,-1:1:1,3:-3:1,
test_6_30.lh	1,2,3,4,5,6,-6,-5,-4,-3,-3,-2,-1,1,2,3,4,5,6,-6,-5,-4,-3,-2,2,3,4,5,6,	3,5,6,5,5,5,	6:-6:2,-3:-3:1,-1:1:1,-2:2:1,
test_6_31.lh	1,2,3,4,5,6,-6,-5,-4,-3,-2,-1,1,2,3,4,5,6,-6,-5,-4,	3,3,3,4,4,4,	6:-6:2,-1:1:1,
test_6_32.lh	1,2,3,4,5,6,-6,-5,-4,-3,-2,-1,1,2,3,4,5,-5,-4,-3,-2,	3,4,4,4,4,2,	6:-6:1,-1:1:1,5:-5:1,
test_6_33.lh	1,2,3,4,5,6,-6,-5,-4,-3,-2,-1,1,2,3,4,5,6,-6,-5,5,	3,3,3,3,5,4,	6:-6:2,-1:1:1,-5:5:1,
test_6_34.lh	1,2,3,4,5,6,-6,-5,-4,-3,-2,-1,1,2,3,	3,3,3,2,2,2,	6:-6:1,-1:1:1,
test_6_35.lh	1,2,3,4,5,6,-6,-5,-4,-3,-2,-1,1,2,3,4,5,6,-6,-5,-4,-3,3,4,5,6,-6,-5,-4,	3,3,5,6,6,6,	6:-6:3,-1:1:1,-3:3:1,
test_6_36.lh	1,2,3,3,4,5,5,6,6,-6,-5,-4,-4,-3,-2,-1,1,2,3,-3,	3,3,5,3,3,3,	3:3:1,5:5:1,6:6:1,6:-6:1,-4:-4:1,-1:1:1,3:-3:1,
test_6_37.lh	1,2,3,4,5,6,-6,-5,-4,-3,-2,-1,1,2,-2,	3,4,2,2,2,2,	6:-6:1,-1:1:1,2:-2:1,
test_6_38.lh	1,2,3,4,5,6,-6,-5,-4,-3,-2,-1,1,	3,2,2,2,2,2,	6:-6:1,-1:1:1,
test_6_41.lh	1,2,3,3,4,4,5,6,-6,-5,-4,-3,-2,-1,1,2,3,4,5,6,-6,-5,-4,	3,3,4,5,4,4,	3:3:1,4:4:1,6:-6:2,-1:1:1,
test_6_43.lh	1,1,2,3,3,4,5,6,-6,-5,-5,-4,-3,-2,-2,-1,1,	4,3,3,2,3,2,	1:1:1,3:3:1,6:-6:1,-5:-5:1,-2:-2:1,-1:1:1,
test_6_44.lh	1,2,2,3,4,5,6,-6,-6,-5,-4,-4,-3,-2,-1,-1,1,2,3,4,5,6,-6,-5,	4,4,3,4,4,5,	2:2:1,6:-6:2,-6:-6:1,-4:-4:1,-1:-1:1,-1:1:1,
test_6_45.lh	1,2,3,4,4,5,5,6,6,-6,-5,-4,-3,-2,-1,-1,1,2,3,4,5,6,	4,3,3,4,4,4,	4:4:1,5:5:1,6:6:1,6:-6:1,-1:-1:1,-1:1:1,
test_6_46.lh	1,2,3,4,5,6,-6,-5,-4,-3,-2,-1,1,2,3,4,5,6,-6,-5,	3,3,3,3,4,4,	6:-6:2,-1:1:1,
test_6_47.lh	1,2,3,4,5,6,-6,-5,-4,-3,-2,-1,1,2,3,4,5,-5,-4,-3,-2,2,3,4,	3,5,5,5,4,2,	6:-6:1,-1:1:1,5:-5:1,-2:2:1,
test_6_48.lh	1,2,3,4,5,5,6,-6,-5,-4,-4,-3,-2,-2,-1,1,2,3,4,5,6,-6,-5,5,	3,4,3,4,6,4,	5:5:1,6:-6:2,-4:-4:1,-2:-2:1,-1:1:1,-5:5:1,
test_6_49.lh	1,2,3,4,5,6,-6,-5,-4,-3,-2,-1,1,2,	3,3,2,2,2,2,	6:-6:1,-1:1:1,
test_6_50.lh	1,1,2,3,4,5,6,-6,-5,-4,-3,-3,-2,-2,-1,1,2,3,4,5,6,-6,-5,5,6,-6,-5,	4,4,4,3,6,6,	1:1:1,6:-6:3,-3:-3:1,-2:-2:1,-1:1:1,-5:5:1,
test_6_51.lh	1,2,3,4,5,6,-6,-5,-4,-3,-2,-1,1,2,3,4,5,-5,-4,	3,3,3,4,4,2,	6:-6:1,-1:1:1,5:-5:1,
test_6_52.lh	1,2,3,4,5,6,-6,-5,-4,-3,-2,-1,1,2,3,4,5,6,-6,	3,3,3,3,3,4,	6:-6:2,-1:1:1,
test_6_53.lh	1,1,2,3,4,5,6,-6,-5,-4,-3,-2,-1,1,2,3,4,5,6,-6,	4,3,3,3,3,4,	1:1:1,6:-6:2,-1:1:1,
test_6_54.lh	1,2,3,4,5,6,-6,-5,-4,-3,-2,-1,1,2,3,4,5,6,-6,6,-6,-5,-4,	3,3,3,4,4,6,	6:-6:3,-1:1:1,-6:6:1,
test_6_56.lh	1,2,3,4,5,6,-6,-5,-4,-3,-2,-1,1,	3,2,2,2,2,2,	6:-6:1,-1:1:1,
test_6_57.lh	1,2,3,4,5,6,6,-6,-5,-4,-3,-2,-1,1,2,3,4,5,6,-6,-5,-4,-3,3,4,	3,3,5,5,4,5,	6:6:1,6:-6:2,-1:1:1,-3:3:1,
test_6_58.lh	1,2,3,4,5,6,-6,-5,-4,-3,-2,-1,1,2,3,4,5,6,-6,-5,-4,	3,3,3,4,4,4,	6:-6:2,-1:1:1,
test_6_59.lh	1,2,3,4,5,6,-6,-5,-4,-3,-2,-1,1,	3,2,2,2,2,2,	6:-6:1,-1:1:1,
test_6_60.lh	1,2,3,4,5,6,-6,-5,-4,-3,-2,-1,1,2,3,4,5,6,-6,	3,3,3,3,3,4,	6:-6:2,-1:1:1,
test_6_61.lh	1,2,3,4,5,6,-6,-5,-4,-3,-2,-1,1,2,-2,	3,4,2,2,2,2,	6:-6:1,-1:1:1,2:-2:1,
test_6_62.lh	1,2,3,4,5,6,-6,-5,-4,-3,-2,-1,1,2,3,4,5,6,-6,-5,-4,-3,3,4,5,6,-6,-5,-4,	3,3,5,6,6,6,	6:-6:3,-1:1:1,-3:3:1,
test_6_63.lh	1,2,3,4,5,6,-6,-5,-4,-3,-2,-1,1,2,3,4,5,6,-6,-5,	3,3,3,3,4,4,	6:-6:2,-1:1:1,
test_6_64.lh	1,2,3,4,5,6,-6,-5,-4,-3,-2,-1,1,2,3,4,-4,-3,	3,3,4,4,2,2,	6:-6:1,-1:1:1,4:-4:1,
test_6_65.lh	1,2,3,4,5,6,-6,-5,-4,-3,-2,-1,1,2,3,4,	3,3,3,3,2,2,	6:-6:1,-1:1:1,
test_6_66.lh	1,2,3,4,5,6,-6,-5,-4,-3,-2,-1,1,2,3,4,5,	3,3,3,3,3,2,	6:-6:1,-1:1:1,
test_6_67.lh	1,2,3,3,4,5,6,-6,-5,-4,-3,-2,-1,1,2,3,4,5,6,-6,	3,3,4,3,3,4,	3:3:1,6:-6:2,-1:1:1,
test_6_68.lh	1,2,3,4,5,6,-6,-5,-4,-3,-2,-1,1,2,3,4,5,6,	3,3,3,3,3,3,	6:-6:1,-1:1:1,
test_6_69.lh	1,2,3,4,5,6,-6,-5,-4,-3,-2,-1,1,2,3,4,5,6,-6,-5,	3,3,3,3,4,4,	6:-6:2,-1:1:1,
test_6_70.lh	1,2,2,3,3,4,5,6,-6,-5,-4,-4,-3,-2,-1,1,2,3,4,5,6,-6,-5,-4,-3,	3,4,5,5,4,4,	2:2:1,3:3:1,6:-6:2,-4:-4:1,-1:1:1,
test_6_71.lh	1,2,3,4,5,6,-6,-5,-4,-3,-2,-1,1,2,	3,3,2,2,2,2,	6:-6:1,-1:1:1,
test_6_72.lh	1,2,3,4,5,6,-6,-5,-4,-3,-2,-1,1,2,3,4,5,6,-6,-5,5,6,-6,-5,-4,-3,-2,2,3,4,5,	3,5,5,5,7,6,	6:-6:3,-1:1:1,-5:5:1,-2:2:1,
test_6_73.lh	1,2,2,3,4,4,5,6,-6,-6,-5,-4,-3,-3,-2,-1,-1,1,2,3,4,-4,-3,3,	4,4,6,5,2,3,	2:2:1,4:4:1,6:-6:1,-6:-6:1,-3:-3:1,-1:-1:1,-1:1:1,4:-4:1,-3:3:1,
test_6_74.lh	1,2,3,4,5,6,-6,-5,-4,-3,-2,-1,1,2,3,4,5,6,-6,-5,-4,-3,	3,3,4,4,4,4,	6:-6:2,-1:1:1,
test_6_75.lh	1,2,3,4,5,6,-6,-5,-4,-3,-2,-1,1,2,3,4,5,6,-6,-5,-4,-3,3,4,5,6,-6,-5,-4,-3,-2,	3,4,6,6,6,6,	6:-6:3,-1:1:1,-3:3:1,
test_6_76.lh	1,2,3,4,5,6,-6,-5,-4,-3,-2,-1,1,2,3,4,5,6,-6,-5,-4,-3,-2,	3,4,4,4,4,4,	6:-6:2,-1:1:1,
test_6_78.lh	1,2,3,4,5,6,-6,-5,-4,-3,-2,-1,1,2,3,-3,	3,3,4,2,2,2,	6:-6:1,-1:1:1,3:-3:1,
test_6_79.lh	1,2,3,4,5,6,-6,-5,-4,-3,-2,-1,1,2,-2,	3,4,2,2,2,2,	6:-6:1,-1:1:1,2:-2:1,
test_6_80.lh	1,2,3,4,5,6,-6,-5,-4,-3,-2,-1,1,2,3,4,5,6,	3,3,3,3,3,3,	6:-6:1,-1:1:1,
test_6_81.lh	1,2,3,4,5,6,-6,-5,-4,-3,-2,-1,1,2,3,4,-4,	3,3,3,4,2,2,	6:-6:1,-1:1:1,4:-4:1,
test_6_82.lh	1,2,3,4,5,6,-6,-5,-4,-3,-2,-1,1,2,3,4,5,6,-6,-5,	3,3,3,3,4,4,	6:-6:2,-1:1:1,
test_8_1.lh	1,2,3,4,5,5,6,7,8,8,-8,-7,-6,-6,-5,-4,-3,-3,-2,-1,1,2,3,4,5,6,7,8,-8,-7,-6,-5,-4,-3,-2,2,3,4,5,6,7,8,-8,-7,-6,	3,5,6,5,6,7,6,7,	5:5:1,8:8:1,8:-8:3,-6:-6:1,-3:-3:1,-1:1:1,-2:2:1,
test_8_2.lh	1,2,3,4,5,6,7,8,-8,-7,-6,-5,-4,-3,-2,-1,1,2,3,4,5,6,7,8,-8,-7,-6,-5,5,6,7,8,-8,-7,	3,3,3,3,5,5,6,6,	8:-8:3,-1:1:1,-5:5:1,
test_8_3.lh	1,2,3,4,5,6,7,8,-8,-7,-6,-5,-4,-3,-2,-1,1,2,3,4,5,6,7,8,-8,-7,-6,-5,5,6,-6,	3,3,3,3,5,6,4,4,	8:-8:2,-1:1:1,-5:5:1,6:-6:1,
test_8_5.lh	1,2,3,4,5,6,7,8,-8,-7,-6,-5,-4,-3,-2,-1,1,	3,2,2,2,2,2,2,2,	8:-8:1,-1:1:1,
test_8_8.lh	1,2,3,4,5,6,7,8,-8,-7,-6,-5,-4,-3,-2,-1,1,2,3,4,5,-5,-4,4,	3,3,3,5,4,2,2,2,	8:-8:1,-1:1:1,5:-5:1,-4:4:1,
test_8_9.lh	1,2,3,4,5,6,7,8,-8,-7,-6,-5,-4,-3,-2,-1,1,2,3,4,5,6,7,8,-8,-7,-6,-5,-4,-3,-2,2,3,4,5,6,7,-7,-6,6,	3,5,5,5,5,7,6,4,	8:-8:2,-1:1:1,-2:2:1,7:-7:1,-6:6:1,
test_8_10.lh	1,2,3,4,5,6,7,8,-8,-7,-6,-5,-4,-3,-2,-1,1,	3,2,2,2,2,2,2,2,	8:-8:1,-1:1:1,
test_8_11.lh	1,2,3,4,5,6,7,8,-8,-7,-6,-5,-4,-3,-2,-1,1,2,3,4,5,6,7,8,-8,-7,	3,3,3,3,3,3,4,4,	8:-8:2,-1:1:1,
test_8_12.lh	1,2,3,4,5,6,7,8,-8,-7,-6,-5,-4,-3,-2,-1,1,2,3,4,5,6,7,-7,-6,6,	3,3,3,3,3,5,4,2,	8:-8:1,-1:1:1,7:-7:1,-6:6:1,
test_8_13.lh	1,2,3,4,5,5,6,7,8,-8,-7,-6,-5,-4,-3,-2,-1,-1,1,2,3,4,5,6,7,8,-8,-7,-6,-5,-4,-3,-2,2,3,4,5,6,7,8,-8,-7,-6,-5,-4,-3,-2,	4,6,6,6,7,6,6,6,	5:5:1,8:-8:3,-1:-1:1,-1:1:1,-2:2:1,
test_8_14.lh	1,2,3,4,5,6,7,8,-8,-7,-6,-5,-4,-3,-2,-1,1,2,3,4,5,6,7,8,-8,-7,7,	3,3,3,3,3,3,5,4,	8:-8:2,-1:1:1,-7:7:1,
test_8_15.lh	1,2,3,4,5,6,7,8,-8,-7,-6,-5,-4,-3,-2,-1,1,	3,2,2,2,2,2,2,2,	8:-8:1,-1:1:1,
test_8_16.lh	1,2,3,4,5,6,7,8,-8,-7,-6,-5,-4,-3,-2,-1,1,2,3,4,5,-5,	3,3,3,3,4,2,2,2,	8:-8:1,-1:1:1,5:-5:1,
test_8_17.lh	1,2,3,4,5,6,7,8,-8,-7,-6,-5,-4,-3,-2,-1,1,2,3,4,5,-5,-4,4,	3,3,3,5,4,2,2,2,	8:-8:1,-1:1:1,5:-5:1,-4:4:1,
test_8_18.lh	1,2,3,3,4,5,6,7,8,-8,-7,-6,-5,-5,-4,-3,-2,-1,1,2,	3,3,3,2,3,2,2,2,	3:3:1,8:-8:1,-5:-5:1,-1:1:1,
test_8_19.lh	1,2,3,4,5,6,7,8,-8,-7,-6,-5,-4,-3,-2,-1,1,2,3,4,5,6,7,8,-8,-7,-6,-5,-4,4,5,6,7,8,-8,-7,-6,6,7,	3,3,3,5,5,7,7,6,	8:-8:3,-1:1:1,-4:4:1,-6:6:1,
test_8_20.lh	1,2,3,4,5,6,7,8,-8,-7,-6,-5,-4,-3,-2,-1,1,	3,2,2,2,2,2,2,2,	8:-8:1,-1:1:1,
test_8_21.lh	1,2,3,4,5,6,7,8,-8,-7,-7,-6,-5,-5,-4,-3,-2,-1,1,2,3,4,5,-5,-4,-3,3,4,-4,	3,3,5,6,5,2,3,2,	8:-8:1,-7:-7:1,-5:-5:1,-1:1:1,5:-5:1,-3:3:1,4:-4:1,
test_8_22.lh	1,2,3,4,5,6,7,8,-8,-7,-6,-5,-4,-3,-2,-1,1,2,3,4,5,	3,3,3,3,3,2,2,2,	8:-8:1,-1:1:1,
test_8_23.lh	1,2,3,4,5,6,7,8,-8,-7,-6,-5,-4,-3,-2,-1,1,	3,2,2,2,2,2,2,2,	8:-8:1,-1:1:1,
test_8_24.lh	1,2,3,4,5,6,7,8,-8,-7,-6,-5,-4,-3,-2,-1,1,2,3,4,5,6,7,8,-8,	3,3,3,3,3,3,3,4,	8:-8:2,-1:1:1,
test_8_25.lh	1,2,3,4,5,6,7,8,-8,-7,-6,-5,-4,-3,-2,-1,1,2,3,4,5,6,7,8,-8,-7,-6,-5,-4,	3,3,3,4,4,4,4,4,	8:-8:2,-1:1:1,
test_8_26.lh	1,2,3,4,5,6,7,8,-8,-7,-6,-5,-4,-4,-3,-2,-1,1,2,3,4,-4,	3,3,3,5,2,2,2,2,	8:-8:1,-4:-4:1,-1:1:1,4:-4:1,
test_8_27.lh	1,2,2,3,4,5,6,7,8,-8,-7,-7,-6,-5,-5,-4,-3,-3,-2,-1,-1,1,2,3,4,5,6,7,8,-8,8,-8,-7,-6,-5,-4,	4,4,4,4,5,4,5,6,	2:2:1,8:-8:3,-7:-7:1,-5:-5:1,-3:-3:1,-1:-1:1,-1:1:1,-8:8:1,
test_8_28.lh	1,2,3,4,5,6,7,8,-8,-7,-6,-5,-4,-3,-2,-1,1,2,-2,	3,4,2,2,2,2,2,2,	8:-8:1,-1:1:1,2:-2:1,
test_8_29.lh	1,2,3,4,5,6,7,8,-8,-7,-6,-5,-4,-3,-2,-1,1,2,3,4,5,6,-6,-5,	3,3,3,3,4,4,2,2,	8:-8:1,-1:1:1,6:-6:1,
test_8_30.lh	1,2,3,4,5,6,7,8,-8,-7,-6,-5,-4,-3,-2,-1,1,2,3,4,5,6,7,8,-8,-7,-6,6,7,8,-8,-7,-6,-5,	3,3,3,3,4,6,6,6,	8:-8:3,-1:1:1,-6:6:1,
test_8_31.lh	1,2,3,4,5,6,7,8,-8,-7,-6,-5,-4,-3,-2,-1,1,2,3,4,5,6,7,8,-8,-7,-6,-5,-4,-3,-2,2,3,4,5,6,-6,-5,-4,	3,5,5,6,6,6,4,4,	8:-8:2,-1:1:1,-2:2:1,6:-6:1,
test_8_32.lh	1,2,3,4,5,6,7,8,-8,-7,-6,-5,-4,-3,-2,-1,1,2,3,4,5,6,7,8,-8,-7,-6,-5,-4,-3,-2,2,3,4,5,-5,	3,5,5,5,6,4,4,4,	8:-8:2,-1:1:1,-2:2:1,5:-5:1,
test_8_33.lh	1,2,3,4,5,6,7,8,-8,-7,-6,-5,-4,-3,-2,-1,1,2,3,4,5,6,7,8,-8,-7,7,8,-8,-7,-6,-5,-4,-3,	3,3,4,4,4,4,6,6,	8:-8:3,-1:1:1,-7:7:1,
test_8_34.lh	1,2,3,4,5,6,7,8,-8,-7,-6,-5,-4,-3,-2,-1,1,2,3,4,5,6,7,8,-8,-7,-6,-5,-4,	3,3,3,4,4,4,4,4,	8:-8:2,-1:1:1,
test_8_35.lh	1,2,3,4,5,6,7,8,-8,-7,-6,-5,-4,-3,-2,-1,1,2,3,4,5,6,7,8,-8,-7,-6,-5,-4,	3,3,3,4,4,4,4,4,	8:-8:2,-1:1:1,
test_8_37.lh	1,2,3,4,5,6,7,8,8,-8,-7,-6,-5,-4,-3,-3,-2,-1,1,2,3,4,5,6,7,8,-8,-7,-6,-5,	3,3,4,3,4,4,4,5,	8:8:1,8:-8:2,-3:-3:1,-1:1:1,
test_8_40.lh	1,2,3,4,5,6,7,8,-8,-7,-6,-5,-4,-3,-2,-1,1,2,3,4,5,6,7,8,-8,-7,-6,-5,5,	3,3,3,3,5,4,4,4,	8:-8:2,-1:1:1,-5:5:1,
test_8_41.lh	1,2,3,4,5,6,7,8,-8,-7,-6,-5,-4,-3,-2,-1,1,2,3,4,5,	3,3,3,3,3,2,2,2,	8:-8:1,-1:1:1,
test_8_42.lh	1,2,3,4,5,6,7,8,-8,-7,-6,-5,-4,-3,-2,-1,1,2,3,4,5,6,7,8,-8,-7,7,8,-8,-7,-6,-5,	3,3,3,3,4,4,6,6,	8:-8:3,-1:1:1,-7:7:1,
test_8_43.lh	1,2,3,4,5,6,7,8,-8,-7,-6,-5,-4,-3,-2,-1,1,2,3,4,5,6,7,8,-8,-7,7,8,-8,-7,-6,-5,	3,3,3,3,4,4,6,6,	8:-8:3,-1:1:1,-7:7:1,
test_8_44.lh	1,2,3,4,5,6,7,8,-8,-7,-6,-5,-4,-3,-2,-1,1,2,3,4,5,6,7,8,-8,-7,-6,	3,3,3,3,3,4,4,4,	8:-8:2,-1:1:1,
test_8_45.lh	1,2,2,3,3,4,5,6,7,7,8,8,-8,-7,-6,-6,-5,-4,-3,-2,-1,1,2,3,4,5,6,-6,-5,-4,4,5,-5,	3,4,4,5,6,5,3,3,	2:2:1,3:3:1,7:7:1,8:8:1,8:-8:1,-6:-6:1,-1:1:1,6:-6:1,-4:4:1,5:-5:1,
test_8_47.lh	1,2,3,4,5,6,7,8,-8,-7,-6,-5,-4,-3,-2,-1,-1,1,2,3,4,5,6,7,8,-8,-7,7,8,-8,	4,3,3,3,3,3,5,6,	8:-8:3,-1:-1:1,-1:1:1,-7:7:1,
test_8_48.lh	1,1,2,3,4,5,6,6,7,8,8,-8,-7,-6,-5,-5,-4,-3,-2,-2,-1,1,2,3,-3,	4,4,4,2,3,3,2,3,	1:1:1,6:6:1,8:8:1,8:-8:1,-5:-5:1,-2:-2:1,-1:1:1,3:-3:1,
test_8_50.lh	1,2,3,4,5,6,7,8,-8,-7,-6,-5,-4,-3,-2,-1,1,2,3,4,5,6,7,8,-8,-7,-6,	3,3,3,3,3,4,4,4,	8:-8:2,-1:1:1,
test_8_51.lh	1,2,3,4,5,6,7,8,-8,-7,-6,-5,-4,-3,-2,-1,1,2,3,4,5,	3,3,3,3,3,2,2,2,	8:-8:1,-1:1:1,
test_8_52.lh	1,1,2,3,4,4,5,6,6,7,7,8,8,-8,-7,-6,-5,-4,-3,-2,-1,1,2,3,4,5,6,7,8,-8,8,	4,3,3,4,3,4,4,6,	1:1:1,4:4:1,6:6:1,7:7:1,8:8:1,8:-8:2,-1:1:1,-8:8:1,
test_8_53.lh	1,2,3,4,5,6,7,8,-8,-7,-6,-5,-4,-3,-2,-1,1,2,3,	3,3,3,2,2,2,2,2,	8:-8:1,-1:1:1,
test_8_54.lh	1,2,3,4,5,6,7,8,-8,-7,-6,-5,-4,-3,-2,-1,1,2,3,4,5,	3,3,3,3,3,2,2,2,	8:-8:1,-1:1:1,
test_8_55.lh	1,2,3,4,5,6,7,8,-8,-7,-6,-5,-4,-3,-2,-1,1,	3,2,2,2,2,2,2,2,	8:-8:1,-1:1:1,
test_8_56.lh	1,2,3,4,5,6,7,8,-8,-7,-6,-5,-4,-3,-2,-1,1,	3,2,2,2,2,2,2,2,	8:-8:1,-1:1:1,
test_8_58.lh	1,2,3,4,5,6,7,8,-8,-7,-6,-5,-4,-3,-2,-1,1,2,3,4,5,6,	3,3,3,3,3,3,2,2,	8:-8:1,-1:1:1,
test_8_59.lh	1,2,3,4,5,6,7,8,-8,-7,-6,-5,-4,-3,-2,-1,1,2,3,4,5,6,7,8,-8,	3,3,3,3,3,3,3,4,	8:-8:2,-1:1:1,
test_8_61.lh	1,2,3,4,5,6,7,8,-8,-7,-6,-5,-4,-3,-2,-1,1,2,3,4,5,6,7,8,-8,-7,-6,-5,-4,-3,	3,3,4,4,4,4,4,4,	8:-8:2,-1:1:1,
test_8_62.lh	1,2,3,4,5,6,7,8,-8,-7,-6,-5,-4,-3,-2,-1,1,2,3,4,5,6,7,8,-8,-7,-6,-5,5,6,7,8,-8,	3,3,3,3,5,5,5,6,	8:-8:3,-1:1:1,-5:5:1,
test_8_63.lh	1,2,3,4,4,5,5,6,7,7,8,-8,-7,-6,-6,-5,-4,-3,-2,-1,1,2,3,4,5,6,7,8,-8,-7,7,8,-8,-7,	3,3,3,4,4,4,7,6,	4:4:1,5:5:1,7:7:1,8:-8:3,-6:-6:1,-1:1:1,-7:7:1,
test_8_64.lh	1,2,3,4,5,5,6,7,8,8,-8,-7,-6,-6,-5,-4,-3,-2,-1,1,	3,2,2,2,3,3,2,3,	5:5:1,8:8:1,8:-8:1,-6:-6:1,-1:1:1,
test_8_65.lh	1,2,3,4,5,6,7,8,-8,-7,-6,-5,-4,-3,-2,-1,1,2,3,4,5,6,7,8,-8,-7,7,8,-8,-7,-6,-5,5,6,7,	3,3,3,3,5,5,7,6,	8:-8:3,-1:1:1,-7:7:1,-5:5:1,
test_8_66.lh	1,2,3,4,5,6,7,8,-8,-7,-6,-5,-4,-3,-2,-1,1,2,3,4,5,6,7,	3,3,3,3,3,3,3,2,	8:-8:1,-1:1:1,
test_8_67.lh	1,2,3,4,5,6,7,8,-8,-7,-6,-5,-4,-3,-2,-1,1,2,3,4,5,6,7,8,-8,-7,-6,	3,3,3,3,3,4,4,4,	8:-8:2,-1:1:1,
test_8_68.lh	1,2,3,4,4,5,5,6,7,7,8,-8,-8,-7,-6,-5,-4,-3,-3,-2,-1,1,2,3,4,5,6,7,8,-8,-7,-6,-5,-4,4,5,6,7,8,-8,-7,-6,6,7,	3,3,4,6,6,7,8,7,	4:4:1,5:5:1,7:7:1,8:-8:3,-8:-8:1,-3:-3:1,-1:1:1,-4:4:1,-6:6:1,
test_8_69.lh	1,2,3,4,5,6,7,8,-8,-7,-6,-5,-4,-3,-2,-1,1,2,3,4,5,-5,-4,-3,-2,	3,4,4,4,4,2,2,2,	8:-8:1,-1:1:1,5:-5:1,
test_8_70.lh	1,2,3,4,5,6,7,8,-8,-7,-6,-5,-4,-3,-2,-1,1,2,3,4,5,6,7,8,-8,	3,3,3,3,3,3,3,4,	8:-8:2,-1:1:1,
test_8_71.lh	1,1,2,2,3,4,5,6,7,7,8,-8,-7,-6,-5,-4,-3,-2,-1,1,2,3,4,5,6,7,8,-8,-7,-6,	4,4,3,3,3,4,5,4,	1:1:1,2:2:1,7:7:1,8:-8:2,-1:1:1,
test_8_72.lh	1,2,3,3,4,5,6,7,8,-8,-8,-7,-6,-5,-5,-4,-3,-2,-2,-1,1,2,3,4,5,6,7,8,-8,-7,-6,-5,-4,4,5,	3,4,4,5,6,4,4,5,	3:3:1,8:-8:2,-8:-8:1,-5:-5:1,-2:-2:1,-1:1:1,-4:4:1,
test_8_73.lh	1,2,3,4,5,6,7,8,-8,-7,-6,-5,-4,-3,-2,-1,1,2,3,4,5,6,7,-7,-6,-5,-4,-3,	3,3,4,4,4,4,4,2,	8:-8:1,-1:1:1,7:-7:1,
test_8_74.lh	1,2,3,4,5,6,7,8,-8,-7,-6,-5,-4,-3,-2,-1,1,2,3,4,5,6,	3,3,3,3,3,3,2,2,	8:-8:1,-1:1:1,
test_8_75.lh	1,2,3,4,5,6,7,8,-8,-7,-6,-5,-4,-3,-2,-1,1,2,-2,	3,4,2,2,2,2,2,2,	8:-8:1,-1:1:1,2:-2:1,
test_8_76.lh	1,1,2,3,4,4,5,6,7,7,8,-8,-7,-6,-5,-4,-3,-2,-1,1,2,3,4,5,6,7,8,-8,-7,7,8,	4,3,3,4,3,3,6,5,	1:1:1,4:4:1,7:7:1,8:-8:2,-1:1:1,-7:7:1,
test_8_79.lh	1,2,3,4,5,6,7,8,-8,-7,-6,-5,-4,-3,-2,-1,1,2,3,4,5,6,7,8,-8,-7,-6,-5,5,6,7,	3,3,3,3,5,5,5,4,	8:-8:2,-1:1:1,-5:5:1,
test_8_80.lh	1,2,3,4,5,6,7,8,-8,-7,-6,-5,-4,-3,-2,-1,1,2,3,4,5,6,7,8,-8,-7,-6,6,7,8,-8,-7,7,	3,3,3,3,3,5,7,6,	8:-8:3,-1:1:1,-6:6:1,-7:7:1,
test_8_81.lh	1,2,3,4,5,6,7,8,-8,-8,-7,-6,-6,-5,-4,-3,-2,-1,-1,1,2,3,4,5,6,7,8,-8,-7,-6,-5,5,	4,3,3,3,5,5,4,5,	8:-8:2,-8:-8:1,-6:-6:1,-1:-1:1,-1:1:1,-5:5:1,
test_8_82.lh	1,2,3,4,5,6,7,8,-8,-7,-6,-5,-4,-3,-2,-1,1,2,3,4,5,6,7,8,-8,-7,-6,-5,-4,-3,-2,	3,4,4,4,4,4,4,4,	8:-8:2,-1:1:1,
test_10_1.lh	1,2,3,4,5,6,7,8,9,10,-10,-9,-8,-7,-6,-5,-4,-3,-2,-1,1,2,3,4,5,6,7,8,9,10,-10,-9,-8,-7,-6,6,7,	3,3,3,3,3,5,5,4,4,4,	10:-10:2,-1:1:1,-6:6:1,
test_10_2.lh	1,2,3,4,5,6,7,8,9,10,-10,-9,-8,-7,-6,-5,-4,-3,-2,-1,1,2,3,4,5,6,	3,3,3,3,3,3,2,2,2,2,	10:-10:1,-1:1:1,
test_10_3.lh	1,2,3,4,5,6,7,8,9,10,-10,-9,-8,-7,-6,-5,-4,-3,-2,-1,1,2,3,4,5,6,7,8,9,-9,-8,-7,-6,-5,-4,-3,	3,3,4,4,4,4,4,4,4,2,	10:-10:1,-1:1:1,9:-9:1,
test_10_4.lh	1,2,3,4,5,6,7,8,9,10,-10,-9,-8,-7,-6,-5,-4,-3,-2,-1,1,2,3,4,5,6,7,8,9,10,-10,-9,-8,-7,-6,-5,-4,-3,	3,3,4,4,4,4,4,4,4,4,	10:-10:2,-1:1:1,
test_10_6.lh	1,2,3,4,5,6,7,8,9,10,-10,-9,-8,-7,-6,-5,-4,-3,-2,-1,1,2,3,4,5,6,7,8,9,10,-10,-9,-8,-7,7,8,9,10,-10,-9,-8,	3,3,3,3,3,3,5,6,6,6,	10:-10:3,-1:1:1,-7:7:1,
test_10_7.lh	1,2,3,4,5,6,7,8,9,10,-10,-9,-8,-7,-6,-5,-4,-3,-2,-1,1,2,3,4,5,6,7,8,9,10,-10,-9,9,10,-10,-9,-8,-7,7,8,-8,	3,3,3,3,3,3,5,6,6,6,	10:-10:3,-1:1:1,-9:9:1,-7:7:1,8:-8:1,
test_10_9.lh	1,2,3,4,5,6,7,8,9,10,-10,-9,-8,-7,-6,-5,-4,-3,-2,-1,1,2,3,4,5,6,7,8,9,10,-10,-9,-8,-7,-6,6,7,8,9,10,-10,-9,-8,-7,-6,-5,5,	3,3,3,3,5,6,6,6,6,6,	10:-10:3,-1:1:1,-6:6:1,-5:5:1,
test_10_10.lh	1,2,3,4,4,5,6,7,7,8,9,10,-10,-10,-9,-9,-8,-7,-6,-5,-4,-3,-2,-1,1,	3,2,2,3,2,2,3,2,3,3,	4:4:1,7:7:1,10:-10:1,-10:-10:1,-9:-9:1,-1:1:1,
test_10_11.lh	1,2,3,4,5,6,7,8,9,10,-10,-9,-8,-7,-6,-5,-4,-3,-2,-1,1,2,-2,	3,4,2,2,2,2,2,2,2,2,	10:-10:1,-1:1:1,2:-2:1,
test_10_13.lh	1,2,3,4,5,5,6,7,8,9,10,-10,-9,-8,-7,-6,-5,-4,-3,-2,-1,1,2,3,4,5,6,7,-7,-6,6,	3,3,3,3,4,5,4,2,2,2,	5:5:1,10:-10:1,-1:1:1,7:-7:1,-6:6:1,
test_10_15.lh	1,2,3,4,5,6,7,8,9,10,-10,-9,-8,-7,-6,-5,-4,-3,-2,-1,1,2,3,4,5,6,7,8,9,10,-10,-9,-8,-7,-6,6,7,-7,	3,3,3,3,3,5,6,4,4,4,	10:-10:2,-1:1:1,-6:6:1,7:-7:1,
test_10_16.lh	1,2,3,4,5,6,7,8,9,10,-10,-9,-8,-7,-6,-5,-4,-3,-2,-1,1,2,3,4,5,6,7,8,9,10,-10,-9,-8,-7,-6,-5,-4,-3,-2,	3,4,4,4,4,4,4,4,4,4,	10:-10:2,-1:1:1,
test_10_19.lh	1,2,3,4,5,6,7,8,9,10,-10,-9,-8,-7,-6,-5,-4,-3,-2,-1,1,2,3,4,5,6,7,-7,-6,-5,-4,	3,3,3,4,4,4,4,2,2,2,	10:-10:1,-1:1:1,7:-7:1,
test_10_20.lh	1,2,3,4,5,6,7,8,9,10,-10,-9,-8,-7,-6,-5,-4,-3,-2,-1,1,2,3,4,5,6,7,8,9,10,-10,-9,-8,-7,-6,-5,	3,3,3,3,4,4,4,4,4,4,	10:-10:2,-1:1:1,
test_10_21.lh	1,2,3,4,5,6,7,8,9,10,-10,-9,-8,-7,-6,-5,-4,-3,-2,-1,1,2,3,4,5,6,7,8,9,-9,-8,-7,-6,-5,-4,-3,3,4,5,6,-6,-5,-4,	3,3,5,6,6,6,4,4,4,2,	10:-10:1,-1:1:1,9:-9:1,-3:3:1,6:-6:1,
test_10_22.lh	1,2,3,4,5,6,7,8,9,10,-10,-9,-8,-7,-6,-5,-4,-3,-2,-1,1,2,	3,3,2,2,2,2,2,2,2,2,	10:-10:1,-1:1:1,
test_10_23.lh	1,2,3,4,5,6,7,8,9,10,-10,-9,-8,-7,-6,-5,-4,-3,-2,-1,1,2,3,4,5,6,-6,-5,-4,-3,	3,3,4,4,4,4,2,2,2,2,	10:-10:1,-1:1:1,6:-6:1,
test_10_24.lh	1,2,3,4,5,6,7,8,9,10,-10,-9,-8,-7,-6,-5,-4,-3,-2,-1,1,2,3,4,-4,-3,3,	3,3,5,4,2,2,2,2,2,2,	10:-10:1,-1:1:1,4:-4:1,-3:3:1,
test_10_25.lh	1,2,3,4,5,6,7,8,9,10,-10,-9,-8,-7,-6,-5,-4,-3,-2,-1,1,2,3,4,5,6,7,8,-8,-7,-6,-5,-4,-3,	3,3,4,4,4,4,4,4,2,2,	10:-10:1,-1:1:1,8:-8:1,
test_10_26.lh	1,2,3,4,5,6,7,8,9,10,-10,-9,-8,-7,-6,-5,-4,-3,-2,-1,1,2,3,4,5,6,7,8,9,10,-10,-9,-8,-7,-6,-5,5,6,7,-7,	3,3,3,3,5,5,6,4,4,4,	10:-10:2,-1:1:1,-5:5:1,7:-7:1,
test_10_27.lh	1,2,3,3,4,4,5,6,7,8,9,10,-10,-9,-8,-8,-7,-6,-5,-4,-3,-2,-2,-1,-1,1,2,3,4,5,6,7,8,9,10,-10,-9,-8,-7,-6,-5,-4,-3,-2,2,3,4,5,6,7,8,9,-9,-8,8,	4,6,6,6,5,5,5,8,6,4,	3:3:1,4:4:1,10:-10:2,-8:-8:1,-2:-2:1,-1:-1:1,-1:1:1,-2:2:1,9:-9:1,-8:8:1,
test_10_28.lh	1,2,3,4,5,6,7,8,9,10,-10,-9,-8,-7,-6,-5,-4,-3,-2,-1,1,2,3,4,5,-5,-4,-3,3,	3,3,5,4,4,2,2,2,2,2,	10:-10:1,-1:1:1,5:-5:1,-3:3:1,
test_10_29.lh	1,2,3,4,5,6,7,8,9,10,-10,-9,-8,-7,-6,-5,-4,-3,-2,-1,1,2,3,4,5,6,-6,-5,5,	3,3,3,3,5,4,2,2,2,2,	10:-10:1,-1:1:1,6:-6:1,-5:5:1,
test_10_31.lh	1,2,3,4,5,6,7,8,9,10,-10,-10,-9,-8,-7,-6,-5,-4,-3,-2,-1,1,2,3,4,5,-5,	3,3,3,3,4,2,2,2,2,3,	10:-10:1,-10:-10:1,-1:1:1,5:-5:1,
test_10_33.lh	1,1,2,3,4,5,6,7,8,9,10,-10,-9,-8,-7,-6,-5,-4,-3,-2,-1,1,2,3,4,5,6,7,8,9,10,-10,-9,-8,-7,-6,-5,-4,-3,3,4,5,-5,	4,3,5,5,6,4,4,4,4,4,	1:1:1,10:-10:2,-1:1:1,-3:3:1,5:-5:1,
test_10_34.lh	1,1,2,3,4,5,6,6,7,8,9,9,10,-10,-9,-8,-7,-6,-5,-4,-4,-3,-2,-1,1,2,3,4,5,6,7,8,9,10,-10,-9,-8,-7,-6,6,7,8,9,10,-10,-9,-8,-7,-6,-5,5,6,7,8,-8,	4,3,3,4,5,8,7,8,7,6,	1:1:1,6:6:1,9:9:1,10:-10:3,-4:-4:1,-1:1:1,-6:6:1,-5:5:1,8:-8:1,
test_10_36.lh	1,2,3,4,5,5,6,7,8,9,10,-10,-9,-8,-7,-6,-5,-4,-3,-2,-1,1,	3,2,2,2,3,2,2,2,2,2,	5:5:1,10:-10:1,-1:1:1,
test_10_37.lh	1,2,3,4,5,6,7,8,9,10,-10,-9,-8,-7,-6,-5,-4,-3,-2,-1,1,2,3,4,5,	3,3,3,3,3,2,2,2,2,2,	10:-10:1,-1:1:1,
test_10_38.lh	1,2,3,4,5,6,7,8,9,10,-10,-9,-8,-7,-6,-5,-4,-3,-2,-1,1,2,3,4,5,6,7,8,9,10,-10,-9,-8,-7,-6,-5,-4,-3,3,4,5,6,7,8,-8,-7,-6,6,	3,3,5,5,5,7,6,6,4,4,	10:-10:2,-1:1:1,-3:3:1,8:-8:1,-6:6:1,
test_10_39.lh	1,2,3,4,5,6,7,8,9,10,-10,-9,-8,-7,-6,-6,-5,-4,-3,-2,-1,1,2,3,4,5,6,7,8,9,10,-10,-9,-8,8,9,10,-10,-9,-8,-7,-6,-5,5,6,7,	3,3,3,3,5,6,5,6,6,6,	10:-10:3,-6:-6:1,-1:1:1,-8:8:1,-5:5:1,
test_10_40.lh	1,2,3,4,5,6,7,8,9,10,-10,-9,-8,-7,-6,-5,-4,-3,-2,-1,1,2,3,4,5,6,7,8,9,10,-10,-9,-8,-7,-6,-5,-4,-3,-2,2,3,4,5,6,-6,-5,-4,4,	3,5,5,7,6,6,4,4,4,4,	10:-10:2,-1:1:1,-2:2:1,6:-6:1,-4:4:1,
test_10_41.lh	1,2,3,4,5,6,7,8,9,10,-10,-9,-8,-7,-6,-5,-4,-3,-2,-1,1,2,3,4,5,6,7,8,9,10,-10,-9,-8,-7,-6,-5,-4,-3,3,4,5,6,7,8,9,-9,-8,-7,-6,-5,5,6,7,8,-8,	3,3,5,5,7,7,7,8,6,4,	10:-10:2,-1:1:1,-3:3:1,9:-9:1,-5:5:1,8:-8:1,
test_10_42.lh	1,2,3,4,5,6,7,8,9,10,-10,-9,-8,-7,-6,-5,-4,-3,-2,-1,1,2,3,4,	3,3,3,3,2,2,2,2,2,2,	10:-10:1,-1:1:1,
test_10_43.lh	1,2,3,4,5,6,7,8,9,10,-10,-9,-8,-7,-6,-5,-4,-3,-2,-1,1,2,-2,	3,4,2,2,2,2,2,2,2,2,	10:-10:1,-1:1:1,2:-2:1,
test_10_44.lh	1,2,3,4,5,6,7,8,8,9,10,-10,-9,-8,-7,-7,-6,-5,-4,-3,-3,-2,-1,-1,1,2,3,-3,	4,3,5,2,2,2,3,3,2,2,	8:8:1,10:-10:1,-7:-7:1,-3:-3:1,-1:-1:1,-1:1:1,3:-3:1,
test_10_46.lh	1,2,3,4,5,6,7,8,9,10,-10,-9,-8,-7,-6,-5,-4,-3,-2,-1,1,2,3,4,5,6,7,8,9,10,-10,-9,-8,-7,-6,-5,5,6,7,8,9,10,-10,-9,-8,	3,3,3,3,5,5,5,6,6,6,	10:-10:3,-1:1:1,-5:5:1,
test_10_47.lh	1,2,3,4,5,6,7,8,9,10,-10,-9,-8,-7,-6,-5,-4,-3,-2,-1,1,2,3,4,5,6,7,8,9,	3,3,3,3,3,3,3,3,3,2,	10:-10:1,-1:1:1,
test_10_49.lh	1,2,3,4,5,6,7,8,9,10,-10,-9,-8,-7,-6,-5,-4,-3,-2,-1,1,2,3,4,5,6,	3,3,3,3,3,3,2,2,2,2,	10:-10:1,-1:1:1,
test_10_50.lh	1,2,3,4,5,6,7,8,9,10,-10,-9,-8,-7,-6,-5,-4,-3,-2,-1,1,2,3,4,5,6,7,8,9,-9,-8,-7,-6,6,	3,3,3,3,3,5,4,4,4,2,	10:-10:1,-1:1:1,9:-9:1,-6:6:1,
test_10_51.lh	1,2,3,4,5,6,7,8,9,10,-10,-9,-8,-7,-6,-5,-4,-3,-2,-1,1,2,3,4,5,6,7,8,9,10,-10,-9,-8,-7,-6,-5,-4,4,5,6,7,8,9,10,-10,-9,-8,-7,7,	3,3,3,5,5,5,7,6,6,6,	10:-10:3,-1:1:1,-4:4:1,-7:7:1,
test_10_52.lh	1,2,3,4,5,6,7,8,9,10,-10,-9,-8,-7,-6,-5,-4,-3,-2,-1,1,2,3,4,5,-5,	3,3,3,3,4,2,2,2,2,2,	10:-10:1,-1:1:1,5:-5:1,
test_10_53.lh	1,2,2,3,4,5,6,7,7,8,8,9,9,10,-10,-9,-8,-7,-6,-5,-4,-3,-2,-1,1,2,-2,	3,5,2,2,2,2,3,3,3,2,	2:2:1,7:7:1,8:8:1,9:9:1,10:-10:1,-1:1:1,2:-2:1,
test_10_54.lh	1,2,3,4,5,6,7,8,9,10,-10,-9,-8,-7,-6,-5,-4,-3,-2,-1,1,2,-2,	3,4,2,2,2,2,2,2,2,2,	10:-10:1,-1:1:1,2:-2:1,
test_10_55.lh	1,2,3,4,5,6,7,8,9,10,10,-10,-9,-9,-8,-8,-7,-6,-6,-5,-4,-4,-3,-2,-1,1,2,3,4,5,-5,-4,-3,3,	3,3,5,5,4,3,2,3,3,3,	10:10:1,10:-10:1,-9:-9:1,-8:-8:1,-6:-6:1,-4:-4:1,-1:1:1,5:-5:1,-3:3:1,
test_10_56.lh	1,2,3,4,5,6,7,8,9,10,-10,-9,-8,-7,-6,-5,-4,-3,-2,-1,1,2,3,4,5,6,7,-7,-6,-5,-4,	3,3,3,4,4,4,4,2,2,2,	10:-10:1,-1:1:1,7:-7:1,
test_10_57.lh	1,2,3,4,5,6,7,8,9,10,-10,-9,-8,-7,-6,-5,-4,-3,-2,-1,1,2,3,4,5,6,7,8,9,10,-10,-9,-8,-7,7,8,9,	3,3,3,3,3,3,5,5,5,4,	10:-10:2,-1:1:1,-7:7:1,
test_10_58.lh	1,2,3,4,5,6,7,8,9,10,-10,-9,-8,-7,-6,-5,-4,-3,-2,-1,1,2,3,-3,	3,3,4,2,2,2,2,2,2,2,	10:-10:1,-1:1:1,3:-3:1,
test_10_59.lh	1,2,3,4,5,6,7,8,9,10,-10,-9,-8,-7,-6,-5,-4,-3,-2,-1,1,2,3,4,5,6,7,8,9,-9,-8,-7,-6,	3,3,3,3,3,4,4,4,4,2,	10:-10:1,-1:1:1,9:-9:1,
test_10_60.lh	1,2,3,4,5,6,7,8,9,10,-10,-9,-8,-7,-6,-5,-4,-3,-2,-1,1,2,3,4,5,6,7,8,9,10,-10,-9,-8,-7,-6,-5,-4,-3,3,4,5,6,7,8,-8,-7,-6,-5,-4,4,	3,3,5,7,6,6,6,6,4,4,	10:-10:2,-1:1:1,-3:3:1,8:-8:1,-4:4:1,
test_10_61.lh	1,2,3,4,5,6,7,7,8,9,10,-10,-9,-8,-7,-6,-5,-4,-3,-2,-1,1,2,3,4,5,6,7,8,	3,3,3,3,3,3,4,3,2,2,	7:7:1,10:-10:1,-1:1:1,
test_10_62.lh	1,2,3,4,5,6,7,8,9,10,-10,-9,-8,-7,-6,-5,-4,-3,-2,-1,1,2,3,4,5,6,7,8,9,10,-10,-9,-8,-7,-6,-5,-4,-3,3,4,5,6,7,	3,3,5,5,5,5,5,4,4,4,	10:-10:2,-1:1:1,-3:3:1,
test_10_63.lh	1,2,3,4,5,6,7,8,9,10,-10,-9,-8,-7,-6,-5,-4,-3,-2,-1,1,2,-2,	3,4,2,2,2,2,2,2,2,2,	10:-10:1,-1:1:1,2:-2:1,
test_10_65.lh	1,2,3,4,5,6,7,8,9,10,-10,-9,-8,-7,-6,-5,-4,-3,-2,-1,1,2,3,4,5,6,7,8,9,10,-10,	3,3,3,3,3,3,3,3,3,4,	10:-10:2,-1:1:1,
test_10_67.lh	1,2,3,4,4,5,6,7,8,9,10,-10,-9,-8,-7,-7,-6,-5,-4,-3,-2,-1,1,	3,2,2,3,2,2,3,2,2,2,	4:4:1,10:-10:1,-7:-7:1,-1:1:1,
test_10_68.lh	1,2,3,4,5,6,7,8,9,10,-10,-9,-8,-7,-6,-5,-4,-3,-2,-1,1,2,3,4,5,6,7,8,9,10,-10,-9,-8,-7,-6,-5,-4,-3,-2,2,3,4,5,6,7,8,9,10,-10,	3,5,5,5,5,5,5,5,5,6,	10:-10:3,-1:1:1,-2:2:1,
test_10_69.lh	1,2,3,4,5,6,7,8,9,10,-10,-9,-8,-7,-7,-6,-5,-4,-3,-2,-1,1,2,3,4,5,6,7,-7,-6,-5,-4,4,5,6,	3,3,3,5,5,5,5,2,2,2,	10:-10:1,-7:-7:1,-1:1:1,7:-7:1,-4:4:1,
test_10_70.lh	1,2,3,4,5,6,7,8,9,10,-10,-9,-8,-7,-7,-6,-5,-4,-3,-3,-2,-1,-1,1,2,-2,	4,4,3,2,2,2,3,2,2,2,	10:-10:1,-7:-7:1,-3:-3:1,-1:-1:1,-1:1:1,2:-2:1,
test_10_71.lh	1,2,3,4,5,6,7,8,9,10,-10,-9,-8,-7,-6,-5,-4,-3,-2,-1,1,2,3,4,5,6,7,8,9,10,-10,-9,-8,8,	3,3,3,3,3,3,3,5,4,4,	10:-10:2,-1:1:1,-8:8:1,
test_10_74.lh	1,2,3,4,5,6,7,7,8,9,10,-10,-9,-9,-8,-7,-6,-5,-5,-4,-4,-3,-2,-1,1,2,3,4,-4,	3,3,3,5,3,2,3,2,3,2,	7:7:1,10:-10:1,-9:-9:1,-5:-5:1,-4:-4:1,-1:1:1,4:-4:1,
test_10_75.lh	1,2,3,4,5,6,7,8,9,10,-10,-9,-8,-7,-6,-5,-4,-3,-2,-1,1,2,3,4,5,6,-6,-5,5,	3,3,3,3,5,4,2,2,2,2,	10:-10:1,-1:1:1,6:-6:1,-5:5:1,
test_10_76.lh	1,2,3,3,4,4,5,6,7,8,8,9,10,-10,-9,-8,-7,-6,-5,-4,-3,-2,-1,-1,1,2,3,4,5,6,7,8,9,10,-10,-9,-8,-7,-6,6,7,8,-8,	4,3,4,4,3,5,5,7,4,4,	3:3:1,4:4:1,8:8:1,10:-10:2,-1:-1:1,-1:1:1,-6:6:1,8:-8:1,
test_10_77.lh	1,2,3,4,5,6,7,8,9,10,-10,-9,-8,-7,-6,-5,-4,-3,-2,-1,1,2,3,4,5,6,-6,-5,	3,3,3,3,4,4,2,2,2,2,	10:-10:1,-1:1:1,6:-6:1,
test_10_78.lh	1,2,3,4,5,6,7,8,9,10,-10,-9,-8,-7,-6,-5,-4,-3,-2,-1,1,2,3,4,5,6,7,-7,-6,-5,5,6,-6,	3,3,3,3,5,6,4,2,2,2,	10:-10:1,-1:1:1,7:-7:1,-5:5:1,6:-6:1,
test_10_79.lh	1,1,2,3,4,5,6,6,7,8,9,10,-10,-10,-9,-8,-7,-6,-5,-4,-3,-2,-1,1,2,-2,	4,4,2,2,2,3,2,2,2,3,	1:1:1,6:6:1,10:-10:1,-10:-10:1,-1:1:1,2:-2:1,
test_10_80.lh	1,2,3,4,5,6,7,8,9,10,-10,-9,-8,-7,-6,-5,-4,-3,-2,-1,1,	3,2,2,2,2,2,2,2,2,2,	10:-10:1,-1:1:1,
test_10_81.lh	1,2,3,4,5,6,7,8,8,9,10,-10,-10,-9,-8,-7,-7,-6,-5,-5,-4,-3,-2,-1,1,	3,2,2,2,3,2,3,3,2,3,	8:8:1,10:-10:1,-10:-10:1,-7:-7:1,-5:-5:1,-1:1:1,
test_10_82.lh	1,2,3,4,5,6,7,8,9,10,-10,-9,-8,-7,-6,-5,-4,-3,-2,-1,1,2,3,4,5,-5,-4,4,	3,3,3,5,4,2,2,2,2,2,	10:-10:1,-1:1:1,5:-5:1,-4:4:1,
test_12_1.lh	1,2,3,4,5,6,7,8,9,10,11,12,-12,-11,-10,-9,-8,-7,-6,-5,-4,-3,-2,-1,1,2,3,4,5,-5,	3,3,3,3,4,2,2,2,2,2,2,2,	12:-12:1,-1:1:1,5:-5:1,
test_12_2.lh	1,2,3,4,5,6,7,8,9,10,11,12,-12,-11,-11,-10,-9,-8,-7,-6,-5,-4,-3,-2,-1,1,2,3,4,5,6,7,8,9,10,11,12,-12,-11,-10,-9,-8,-7,7,	3,3,3,3,3,3,5,4,4,4,5,4,	12:-12:2,-11:-11:1,-1:1:1,-7:7:1,
test_12_3.lh	1,2,3,4,4,5,6,6,7,8,9,10,11,11,12,-12,-11,-10,-9,-8,-7,-6,-5,-4,-3,-2,-1,1,2,3,4,5,6,7,8,-8,-7,-6,-5,-4,-3,-2,	3,4,4,5,4,5,4,4,2,2,3,2,	4:4:1,6:6:1,11:11:1,12:-12:1,-1:1:1,8:-8:1,
test_12_4.lh	1,2,3,4,5,6,7,8,9,10,11,12,-12,-11,-10,-9,-8,-7,-6,-5,-4,-3,-2,-1,1,2,3,4,5,6,7,8,9,10,	3,3,3,3,3,3,3,3,3,3,2,2,	12:-12:1,-1:1:1,
test_12_6.lh	1,2,3,4,5,6,7,8,9,10,11,12,-12,-11,-10,-9,-8,-7,-6,-5,-4,-3,-2,-1,1,2,3,4,5,6,7,8,9,10,11,12,-12,-11,-10,-9,-8,-7,-6,-5,-4,-3,-2,2,3,4,5,6,7,-7,-6,-5,5,6,-6,	3,5,5,5,7,8,6,4,4,4,4,4,	12:-12:2,-1:1:1,-2:2:1,7:-7:1,-5:5:1,6:-6:1,
test_12_7.lh	1,2,3,4,5,6,7,8,9,10,11,12,-12,-11,-10,-9,-8,-7,-6,-5,-4,-3,-2,-1,1,2,3,4,5,6,7,8,9,10,-10,-9,-8,-7,-6,-5,-4,-3,-2,2,	3,5,4,4,4,4,4,4,4,4,2,2,	12:-12:1,-1:1:1,10:-10:1,-2:2:1,
test_12_8.lh	1,2,3,3,4,5,5,6,7,8,9,9,10,11,12,-12,-11,-10,-9,-8,-7,-6,-5,-4,-3,-2,-1,-1,1,2,3,4,5,6,7,8,9,-9,-8,-7,-6,-5,-4,-3,-2,2,3,4,5,6,7,8,-8,-7,-6,6,7,-7,	4,5,6,5,6,7,8,6,5,2,2,2,	3:3:1,5:5:1,9:9:1,12:-12:1,-1:-1:1,-1:1:1,9:-9:1,-2:2:1,8:-8:1,-6:6:1,7:-7:1,
test_12_9.lh	1,2,3,4,5,6,7,8,9,10,11,12,-12,-11,-10,-9,-8,-7,-7,-6,-6,-5,-4,-3,-3,-2,-1,-1,1,2,3,4,5,6,7,8,9,10,11,12,-12,-11,-10,10,11,12,-12,-11,-10,-9,-8,-7,-6,-5,-4,-3,	4,3,5,4,4,5,5,4,4,6,6,6,	12:-12:3,-7:-7:1,-6:-6:1,-3:-3:1,-1:-1:1,-1:1:1,-10:10:1,
test_12_10.lh	1,2,3,4,5,5,6,7,8,9,10,11,12,12,-12,-11,-10,-9,-8,-7,-6,-5,-4,-3,-3,-2,-1,1,2,3,4,5,6,7,8,9,10,11,12,-12,-11,-10,-9,-8,-7,-6,-5,5,6,7,8,9,10,11,12,-12,-11,-10,-9,-8,8,	3,3,4,3,6,5,5,7,6,6,6,7,	5:5:1,12:12:1,12:-12:3,-3:-3:1,-1:1:1,-5:5:1,-8:8:1,
test_12_11.lh	1,2,3,4,5,6,7,8,9,10,11,12,-12,-11,-10,-9,-8,-7,-6,-5,-4,-3,-2,-1,1,2,3,4,5,6,7,8,9,10,11,12,-12,-11,-10,-9,-8,-7,-6,	3,3,3,3,3,4,4,4,4,4,4,4,	12:-12:2,-1:1:1,
test_12_12.lh	1,2,3,4,5,6,7,8,9,10,11,12,-12,-11,-10,-9,-8,-7,-6,-5,-4,-3,-2,-1,1,2,3,4,5,6,7,8,9,10,11,12,-12,-11,11,12,-12,-11,-10,-9,9,10,-10,	3,3,3,3,3,3,3,3,5,6,6,6,	12:-12:3,-1:1:1,-11:11:1,-9:9:1,10:-10:1,
test_12_13.lh	1,2,3,4,5,6,7,8,9,10,11,12,-12,-11,-10,-9,-8,-7,-6,-5,-4,-3,-2,-1,1,2,3,4,5,-5,	3,3,3,3,4,2,2,2,2,2,2,2,	12:-12:1,-1:1:1,5:-5:1,
test_12_14.lh	1,2,3,4,5,6,7,8,9,10,11,12,-12,-11,-10,-9,-8,-7,-6,-5,-4,-3,-2,-1,1,2,3,4,5,6,7,8,9,10,11,12,-12,-11,-10,-9,-8,	3,3,3,3,3,3,3,4,4,4,4,4,	12:-12:2,-1:1:1,
test_12_15.lh	1,2,3,4,5,6,7,8,9,10,11,12,-12,-11,-10,-9,-8,-7,-6,-5,-4,-3,-2,-1,1,2,3,4,5,6,7,8,9,-9,	3,3,3,3,3,3,3,3,4,2,2,2,	12:-12:1,-1:1:1,9:-9:1,
test_12_16.lh	1,2,3,4,5,6,7,8,9,10,11,12,-12,-11,-10,-9,-8,-7,-6,-5,-4,-3,-2,-1,1,2,3,4,5,6,7,8,9,10,11,12,-12,-11,-10,-9,-8,-7,-6,-5,-4,4,5,6,7,8,9,10,11,-11,-10,-9,-8,-7,-6,-5,5,6,	3,3,3,5,7,7,6,6,6,6,6,4,	12:-12:2,-1:1:1,-4:4:1,11:-11:1,-5:5:1,
test_12_17.lh	1,2,3,4,5,6,7,8,9,10,11,12,-12,-11,-10,-9,-8,-7,-6,-5,-4,-3,-2,-1,1,2,3,4,5,6,7,8,-8,-7,-6,-5,-4,4,5,6,	3,3,3,5,5,5,4,4,2,2,2,2,	12:-12:1,-1:1:1,8:-8:1,-4:4:1,
test_12_19.lh	1,2,3,4,5,6,7,8,9,10,11,12,-12,-11,-10,-9,-8,-7,-6,-5,-4,-3,-2,-1,1,2,3,-3,-2,2,	3,5,4,2,2,2,2,2,2,2,2,2,	12:-12:1,-1:1:1,3:-3:1,-2:2:1,
test_12_20.lh	1,2,3,4,5,6,7,8,9,10,11,12,-12,-11,-10,-9,-8,-7,-6,-5,-4,-3,-2,-1,1,2,3,4,5,6,7,8,9,10,11,12,-12,-11,11,	3,3,3,3,3,3,3,3,3,3,5,4,	12:-12:2,-1:1:1,-11:11:1,
test_12_21.lh	1,2,3,4,5,6,7,8,9,10,11,12,-12,-11,-10,-9,-8,-7,-6,-5,-4,-3,-2,-1,1,2,3,4,5,6,7,8,9,10,11,12,-12,	3,3,3,3,3,3,3,3,3,3,3,4,	12:-12:2,-1:1:1,
test_12_22.lh	1,2,3,4,5,6,7,8,9,10,11,12,-12,-11,-10,-9,-8,-7,-6,-5,-4,-3,-2,-1,1,2,3,4,5,6,7,	3,3,3,3,3,3,3,2,2,2,2,2,	12:-12:1,-1:1:1,
test_12_23.lh	1,1,2,3,4,5,6,7,8,9,10,11,12,-12,-11,-11,-10,-9,-9,-8,-7,-6,-5,-5,-4,-3,-2,-1,1,2,3,4,5,6,7,8,9,10,11,12,-12,-11,-10,-9,-8,-7,-6,-5,-4,4,5,6,7,8,9,	4,3,3,5,6,5,5,5,6,4,5,4,	1:1:1,12:-12:2,-11:-11:1,-9:-9:1,-5:-5:1,-1:1:1,-4:4:1,
test_12_24.lh	1,2,3,4,5,6,7,8,9,10,11,12,-12,-11,-10,-9,-8,-7,-6,-5,-4,-3,-2,-1,1,2,3,4,5,6,7,8,9,10,11,12,-12,-11,-10,-9,	3,3,3,3,3,3,3,3,4,4,4,4,	12:-12:2,-1:1:1,
test_12_25.lh	1,2,3,4,5,6,7,8,9,10,11,12,-12,-11,-10,-9,-8,-7,-6,-5,-4,-3,-2,-1,1,2,3,4,5,6,7,8,-8,-7,-6,-5,-4,-3,-2,	3,4,4,4,4,4,4,4,2,2,2,2,	12:-12:1,-1:1:1,8:-8:1,
test_12_26.lh	1,2,3,4,5,6,7,8,9,10,11,12,-12,-11,-10,-9,-8,-7,-6,-5,-4,-3,-2,-1,1,2,3,4,5,6,7,8,-8,-7,-6,-5,-4,-3,3,	3,3,5,4,4,4,4,4,2,2,2,2,	12:-12:1,-1:1:1,8:-8:1,-3:3:1,
test_12_27.lh	1,2,2,3,4,5,6,6,7,8,9,10,11,12,-12,-12,-11,-10,-9,-8,-8,-7,-7,-6,-5,-4,-3,-2,-1,1,2,3,4,5,6,7,8,9,10,-10,-9,-8,-7,-6,-5,-4,-3,-2,2,3,4,5,6,7,8,9,-9,-8,-7,7,	3,6,5,5,5,6,8,7,6,4,2,3,	2:2:1,6:6:1,12:-12:1,-12:-12:1,-8:-8:1,-7:-7:1,-1:1:1,10:-10:1,-2:2:1,9:-9:1,-7:7:1,
test_12_28.lh	1,2,3,4,5,6,7,8,9,10,11,12,-12,-11,-10,-9,-8,-7,-6,-5,-4,-3,-2,-1,1,2,3,4,5,6,7,8,9,10,11,12,-12,-11,-10,-9,-8,-7,-6,6,7,-7,	3,3,3,3,3,5,6,4,4,4,4,4,	12:-12:2,-1:1:1,-6:6:1,7:-7:1,
test_12_30.lh	1,2,3,4,5,6,7,8,9,10,11,12,-12,-11,-10,-9,-8,-7,-6,-5,-4,-3,-2,-1,1,2,3,4,5,6,7,8,-8,	3,3,3,3,3,3,3,4,2,2,2,2,	12:-12:1,-1:1:1,8:-8:1,
test_12_31.lh	1,2,3,4,4,5,6,7,8,9,10,11,12,-12,-11,-10,-9,-8,-7,-6,-5,-4,-3,-2,-1,1,2,3,4,5,6,7,8,9,10,11,12,-12,-11,-10,-9,-8,-7,7,8,9,-9,-8,8,	3,3,3,4,3,3,5,7,6,4,4,4,	4:4:1,12:-12:2,-1:1:1,-7:7:1,9:-9:1,-8:8:1,
test_12_32.lh	1,2,3,4,5,6,7,8,9,10,11,12,-12,-11,-10,-9,-8,-7,-6,-5,-4,-3,-2,-1,1,2,3,4,5,6,7,8,9,10,11,12,-12,	3,3,3,3,3,3,3,3,3,3,3,4,	12:-12:2,-1:1:1,
test_12_34.lh	1,2,3,4,5,6,7,8,9,10,10,11,12,12,-12,-11,-10,-9,-8,-8,-7,-6,-5,-4,-4,-3,-2,-1,1,2,3,4,5,6,7,8,9,10,11,12,-12,-11,-10,10,11,12,-12,-11,11,	3,3,3,4,3,3,3,4,3,6,7,7,	10:10:1,12:12:1,12:-12:3,-8:-8:1,-4:-4:1,-1:1:1,-10:10:1,-11:11:1,
test_12_36.lh	1,2,3,4,5,6,7,8,9,10,11,12,-12,-11,-10,-9,-8,-7,-6,-5,-4,-3,-2,-1,1,2,3,4,5,6,-6,-5,-4,-3,3,4,5,-5,-4,4,	3,3,5,7,6,4,2,2,2,2,2,2,	12:-12:1,-1:1:1,6:-6:1,-3:3:1,5:-5:1,-4:4:1,
test_12_37.lh	1,2,3,4,5,6,7,8,9,10,11,12,-12,-11,-10,-9,-8,-7,-6,-5,-4,-3,-2,-1,1,2,3,-3,	3,3,4,2,2,2,2,2,2,2,2,2,	12:-12:1,-1:1:1,3:-3:1,
test_12_38.lh	1,2,3,4,5,6,7,8,9,9,10,11,12,-12,-11,-11,-10,-9,-8,-7,-6,-5,-4,-4,-3,-2,-1,-1,1,2,3,4,5,6,7,8,9,10,11,12,-12,-11,-10,-9,-8,-7,-6,-5,-4,-3,-2,2,3,4,5,-5,	4,5,5,6,6,4,4,4,5,4,5,4,	9:9:1,12:-12:2,-11:-11:1,-4:-4:1,-1:-1:1,-1:1:1,-2:2:1,5:-5:1,
test_12_40.lh	1,2,3,4,5,6,7,8,9,10,11,12,-12,-11,-10,-9,-8,-7,-6,-5,-4,-3,-2,-1,1,2,3,	3,3,3,2,2,2,2,2,2,2,2,2,	12:-12:1,-1:1:1,
test_12_41.lh	1,2,3,4,5,6,7,8,9,10,11,12,-12,-11,-10,-9,-8,-7,-6,-5,-4,-3,-2,-1,1,2,3,4,5,6,7,8,9,10,11,12,-12,-11,-10,-9,-8,8,9,-9,	3,3,3,3,3,3,3,5,6,4,4,4,	12:-12:2,-1:1:1,-8:8:1,9:-9:1,
test_12_42.lh	1,2,3,4,5,6,7,8,9,10,11,12,-12,-11,-10,-9,-8,-7,-6,-5,-4,-3,-2,-1,1,2,3,4,-4,-3,-2,	3,4,4,4,2,2,2,2,2,2,2,2,	12:-12:1,-1:1:1,4:-4:1,
test_12_43.lh	1,2,2,3,4,4,5,6,7,8,8,9,10,11,12,-12,-12,-11,-10,-9,-8,-7,-6,-6,-5,-4,-3,-2,-1,1,2,3,4,5,6,7,8,9,10,11,-11,-10,-9,-8,-7,-6,-5,-4,	3,4,3,5,4,5,4,5,4,4,4,3,	2:2:1,4:4:1,8:8:1,12:-12:1,-12:-12:1,-6:-6:1,-1:1:1,11:-11:1,
test_12_45.lh	1,2,3,4,5,6,7,8,9,10,11,12,-12,-11,-10,-9,-8,-7,-6,-5,-4,-3,-2,-1,1,2,-2,	3,4,2,2,2,2,2,2,2,2,2,2,	12:-12:1,-1:1:1,2:-2:1,
test_12_46.lh	1,2,3,4,5,6,7,8,9,10,11,12,-12,-11,-10,-9,-8,-7,-6,-5,-4,-3,-2,-1,1,2,3,4,5,6,7,8,9,10,11,12,-12,-11,-10,-9,-8,8,9,10,11,-11,-10,-9,9,10,-10,	3,3,3,3,3,3,3,5,7,8,6,4,	12:-12:2,-1:1:1,-8:8:1,11:-11:1,-9:9:1,10:-10:1,
test_12_47.lh	1,2,3,4,5,6,7,8,9,10,11,12,-12,-11,-10,-9,-8,-7,-6,-5,-4,-3,-2,-1,1,2,3,4,5,6,7,8,9,10,11,12,-12,-11,-10,-9,-8,-7,-6,-5,-4,-3,-2,2,3,4,5,6,7,8,9,10,11,12,-12,-11,-10,-9,-8,-7,-6,-5,-4,	3,5,5,6,6,6,6,6,6,6,6,6,	12:-12:3,-1:1:1,-2:2:1,
test_12_48.lh	1,2,3,4,4,5,6,7,8,9,10,11,12,-12,-12,-11,-10,-9,-8,-7,-6,-5,-4,-3,-2,-1,-1,1,2,3,4,5,6,7,8,9,10,11,12,-12,-11,-10,-9,-8,-7,-6,-5,-4,	4,3,3,5,4,4,4,4,4,4,4,5,	4:4:1,12:-12:2,-12:-12:1,-1:-1:1,-1:1:1,
test_12_49.lh	1,2,3,4,5,6,7,8,9,10,11,12,-12,-11,-10,-9,-8,-7,-6,-5,-4,-3,-2,-1,1,2,3,4,5,6,7,8,9,10,11,12,-12,-11,-10,-9,-8,-7,-6,-5,5,6,7,8,9,10,11,12,-12,-11,-10,-9,-8,-7,7,8,9,10,11,-11,-10,-9,-8,8,	3,3,3,3,5,5,7,9,8,8,8,6,	12:-12:3,-1:1:1,-5:5:1,-7:7:1,11:-11:1,-8:8:1,
test_12_50.lh	1,2,3,4,5,6,7,8,9,10,11,12,-12,-11,-10,-9,-8,-7,-6,-5,-4,-3,-2,-1,1,2,3,4,-4,-3,3,	3,3,5,4,2,2,2,2,2,2,2,2,	12:-12:1,-1:1:1,4:-4:1,-3:3:1,
test_12_51.lh	1,2,3,4,5,6,7,8,9,10,11,12,-12,-11,-10,-9,-8,-7,-6,-5,-4,-3,-2,-1,1,	3,2,2,2,2,2,2,2,2,2,2,2,	12:-12:1,-1:1:1,
test_12_52.lh	1,1,2,3,4,5,6,7,8,9,10,11,12,-12,-11,-10,-9,-8,-7,-6,-5,-4,-3,-2,-1,1,2,3,4,5,6,7,8,9,10,11,12,-12,-11,-10,-9,9,	4,3,3,3,3,3,3,3,5,4,4,4,	1:1:1,12:-12:2,-1:1:1,-9:9:1,
test_12_53.lh	1,1,2,3,4,5,6,7,8,9,10,11,12,-12,-11,-11,-10,-9,-8,-7,-7,-6,-5,-4,-4,-3,-3,-2,-1,1,2,3,4,5,6,7,8,9,10,11,12,-12,12,-12,	4,3,4,4,3,3,4,3,3,3,4,6,	1:1:1,12:-12:3,-11:-11:1,-7:-7:1,-4:-4:1,-3:-3:1,-1:1:1,-12:12:1,
test_12_54.lh	1,2,3,4,5,6,7,8,9,10,11,12,-12,-11,-10,-9,-8,-7,-6,-5,-4,-3,-2,-1,1,2,3,4,5,6,7,8,9,10,11,-11,-10,	3,3,3,3,3,3,3,3,3,4,4,2,	12:-12:1,-1:1:1,11:-11:1,
test_12_55.lh	1,2,3,4,5,6,7,8,9,10,11,12,-12,-11,-10,-9,-8,-7,-6,-5,-4,-3,-2,-1,1,2,3,4,	3,3,3,3,2,2,2,2,2,2,2,2,	12:-12:1,-1:1:1,
test_12_56.lh	1,2,3,3,4,4,5,6,7,8,8,9,10,11,12,-12,-11,-10,-10,-9,-8,-7,-7,-6,-5,-4,-3,-2,-1,1,2,3,4,5,6,7,8,9,10,11,12,-12,-11,-10,	3,3,4,4,3,3,4,4,3,5,4,4,	3:3:1,4:4:1,8:8:1,12:-12:2,-10:-10:1,-7:-7:1,-1:1:1,
test_12_58.lh	1,2,3,4,5,6,7,8,9,10,11,12,-12,-11,-10,-9,-8,-7,-6,-5,-4,-3,-2,-1,1,2,3,4,5,6,7,8,9,10,11,12,-12,-11,-10,-9,-8,8,9,10,11,-11,-10,-9,9,	3,3,3,3,3,3,3,5,7,6,6,4,	12:-12:2,-1:1:1,-8:8:1,11:-11:1,-9:9:1,
test_12_59.lh	1,2,3,4,5,6,7,8,9,10,11,12,-12,-11,-10,-9,-8,-7,-6,-5,-4,-4,-3,-2,-1,-1,1,2,3,4,5,6,7,8,-8,-7,7,	4,3,3,4,3,3,5,4,2,2,2,2,	12:-12:1,-4:-4:1,-1:-1:1,-1:1:1,8:-8:1,-7:7:1,
test_12_60.lh	1,1,2,3,4,5,6,7,8,9,10,11,12,-12,-11,-10,-9,-8,-7,-6,-5,-4,-3,-3,-2,-2,-1,1,2,3,4,5,6,7,8,9,10,11,12,-12,-11,-10,-9,-8,-7,-6,-5,-4,-3,-2,	4,5,5,4,4,4,4,4,4,4,4,4,	1:1:1,12:-12:2,-3:-3:1,-2:-2:1,-1:1:1,
test_12_61.lh	1,1,2,3,4,5,6,7,8,9,10,11,12,-12,-11,-10,-9,-8,-7,-6,-5,-4,-3,-2,-1,1,2,-2,	4,4,2,2,2,2,2,2,2,2,2,2,	1:1:1,12:-12:1,-1:1:1,2:-2:1,
test_12_62.lh	1,2,3,4,5,6,7,8,9,10,11,12,-12,-11,-10,-9,-8,-7,-6,-5,-4,-3,-2,-1,1,2,3,-3,-2,2,	3,5,4,2,2,2,2,2,2,2,2,2,	12:-12:1,-1:1:1,3:-3:1,-2:2:1,
test_12_64.lh	1,2,3,4,5,6,7,8,8,9,10,11,12,-12,-11,-10,-9,-9,-8,-7,-6,-5,-4,-4,-3,-2,-1,1,2,3,4,5,6,7,8,-8,-7,-6,-5,-4,4,5,-5,	3,3,3,6,6,4,4,5,3,2,2,2,	8:8:1,12:-12:1,-9:-9:1,-4:-4:1,-1:1:1,8:-8:1,-4:4:1,5:-5:1,
test_12_65.lh	1,2,3,4,5,6,7,8,9,10,11,12,-12,-11,-10,-9,-8,-7,-6,-5,-4,-3,-2,-1,1,2,3,4,5,6,7,8,9,10,11,12,-12,-11,-10,-9,-8,-7,-6,-5,-4,-3,3,4,5,6,7,8,9,10,	3,3,5,5,5,5,5,5,5,5,4,4,	12:-12:2,-1:1:1,-3:3:1,
test_12_66.lh	1,2,3,4,5,6,7,8,9,10,11,12,-12,-11,-10,-9,-8,-7,-7,-6,-5,-4,-3,-2,-1,1,2,3,4,5,6,7,8,9,10,11,12,-12,-11,-10,-9,-8,8,9,10,11,	3,3,3,3,3,3,4,5,5,5,5,4,	12:-12:2,-7:-7:1,-1:1:1,-8:8:1,
test_12_67.lh	1,2,2,3,4,5,5,6,7,8,8,9,10,11,12,-12,-12,-11,-10,-9,-8,-7,-6,-5,-4,-3,-2,-1,1,2,3,4,5,6,7,8,9,10,11,12,-12,-11,-10,-9,-8,-7,-6,-5,	3,4,3,3,5,4,4,5,4,4,4,5,	2:2:1,5:5:1,8:8:1,12:-12:2,-12:-12:1,-1:1:1,
test_12_68.lh	1,2,3,4,5,6,6,7,8,9,10,10,11,12,-12,-11,-10,-9,-8,-7,-6,-5,-4,-4,-3,-2,-1,-1,1,2,3,4,5,6,7,8,9,10,11,12,-12,-11,	4,3,3,4,3,4,3,3,3,4,4,4,	6:6:1,10:10:1,12:-12:2,-4:-4:1,-1:-1:1,-1:1:1,
test_12_69.lh	1,2,3,4,5,6,7,8,8,9,10,10,11,11,12,-12,-11,-10,-9,-8,-7,-6,-5,-4,-3,-2,-1,1,2,3,4,-4,-3,-2,2,3,-3,	3,5,6,4,2,2,2,3,2,3,3,2,	8:8:1,10:10:1,11:11:1,12:-12:1,-1:1:1,4:-4:1,-2:2:1,3:-3:1,
test_12_70.lh	1,2,3,4,5,6,7,8,8,9,10,11,12,-12,-11,-11,-10,-10,-9,-8,-7,-7,-6,-5,-4,-3,-2,-2,-1,1,2,3,4,5,6,7,8,9,10,-10,-9,-8,-7,-6,-5,-4,-3,-2,2,	3,6,4,4,4,4,5,5,4,5,3,2,	8:8:1,12:-12:1,-11:-11:1,-10:-10:1,-7:-7:1,-2:-2:1,-1:1:1,10:-10:1,-2:2:1,
test_12_71.lh	1,2,3,4,5,6,7,8,9,10,11,12,-12,-11,-10,-9,-8,-7,-6,-5,-4,-3,-2,-1,1,2,3,4,5,6,7,8,9,10,11,12,-12,-11,-10,-9,-8,-7,	3,3,3,3,3,3,4,4,4,4,4,4,	12:-12:2,-1:1:1,
test_12_72.lh	1,2,3,4,4,5,5,6,7,8,9,10,11,12,-12,-11,-10,-9,-9,-8,-7,-6,-5,-4,-3,-2,-1,-1,1,2,3,4,5,6,7,8,-8,-7,-6,-5,-4,4,5,6,-6,	4,3,3,6,6,6,4,4,3,2,2,2,	4:4:1,5:5:1,12:-12:1,-9:-9:1,-1:-1:1,-1:1:1,8:-8:1,-4:4:1,6:-6:1,
test_12_74.lh	1,2,3,4,5,6,7,8,9,10,11,12,-12,-11,-10,-9,-8,-7,-6,-5,-4,-3,-2,-1,1,2,3,4,5,6,7,8,9,10,11,12,-12,-11,-10,-9,-8,-7,-6,-5,-4,4,5,6,7,8,9,10,11,12,-12,-11,-10,-9,-8,-7,-6,	3,3,3,5,5,6,6,6,6,6,6,6,	12:-12:3,-1:1:1,-4:4:1,
test_12_76.lh	1,2,2,3,4,5,6,7,8,9,10,11,12,-12,-11,-10,-9,-9,-8,-7,-6,-5,-5,-4,-3,-2,-1,1,2,3,4,5,6,7,8,9,10,11,12,-12,-11,-10,-9,-8,-7,7,8,9,10,-10,-9,9,	3,4,3,3,4,3,5,5,8,6,4,4,	2:2:1,12:-12:2,-9:-9:1,-5:-5:1,-1:1:1,-7:7:1,10:-10:1,-9:9:1,
test_12_77.lh	1,2,3,4,5,6,7,8,9,10,11,12,-12,-11,-10,-9,-8,-7,-6,-5,-4,-3,-2,-1,1,2,3,4,5,6,7,8,9,10,-10,-9,9,	3,3,3,3,3,3,3,3,5,4,2,2,	12:-12:1,-1:1:1,10:-10:1,-9:9:1,
test_12_78.lh	1,2,3,4,5,6,7,8,9,10,11,12,-12,-11,-10,-9,-8,-7,-6,-5,-4,-3,-2,-1,1,2,3,4,5,6,7,-7,-6,-5,-4,4,5,6,-6,	3,3,3,5,5,6,4,2,2,2,2,2,	12:-12:1,-1:1:1,7:-7:1,-4:4:1,6:-6:1,
test_12_79.lh	1,2,3,4,5,6,7,8,9,10,11,11,12,12,-12,-11,-10,-9,-8,-7,-6,-5,-4,-4,-3,-2,-1,1,2,3,4,5,6,7,8,9,10,11,12,-12,-11,-10,-9,	3,3,3,4,3,3,3,3,4,4,5,5,	11:11:1,12:12:1,12:-12:2,-4:-4:1,-1:1:1,
test_12_80.lh	1,2,3,4,5,6,7,8,9,10,11,12,-12,-11,-10,-9,-8,-7,-6,-5,-4,-3,-2,-1,1,2,3,4,5,6,7,8,9,10,11,-11,-10,-9,-8,-7,7,8,-8,	3,3,3,3,3,3,5,6,4,4,4,2,	12:-12:1,-1:1:1,11:-11:1,-7:7:1,8:-8:1,
test_12_81.lh	1,2,3,4,4,5,6,6,7,8,9,10,11,11,12,-12,-11,-10,-9,-9,-8,-7,-6,-5,-4,-3,-2,-2,-1,1,2,3,4,5,-5,	3,4,3,4,4,3,2,2,3,2,3,2,	4:4:1,6:6:1,11:11:1,12:-12:1,-9:-9:1,-2:-2:1,-1:1:1,5:-5:1,
test_12_82.lh	1,2,3,4,5,6,7,8,9,10,11,12,-12,-11,-10,-9,-8,-7,-6,-5,-4,-3,-2,-1,1,2,3,4,5,6,7,8,9,-9,-8,-7,-6,6,	3,3,3,3,3,5,4,4,4,2,2,2,	12:-12:1,-1:1:1,9:-9:1,-6:6:1,
test_15_1.lh	1,2,3,4,5,6,7,8,9,10,11,12,13,14,15,-15,-14,-13,-12,-11,-10,-9,-8,-7,-6,-5,-4,-3,-2,-1,1,2,-2,	3,4,2,2,2,2,2,2,2,2,2,2,2,2,2,	15:-15:1,-1:1:1,2:-2:1,
test_15_2.lh	1,2,3,4,5,6,7,8,9,10,11,12,13,14,15,-15,-14,-13,-12,-11,-10,-9,-8,-7,-6,-5,-4,-3,-2,-1,1,2,3,4,5,6,7,8,9,10,11,12,13,14,15,-15,-14,-13,-12,-11,	3,3,3,3,3,3,3,3,3,3,4,4,4,4,4,	15:-15:2,-1:1:1,
test_15_3.lh	1,2,3,4,5,6,7,8,9,10,11,12,13,14,15,-15,-14,-13,-12,-11,-10,-9,-8,-7,-6,-5,-4,-3,-2,-1,1,2,3,4,5,6,7,8,9,10,11,12,13,14,15,-15,-14,-13,-12,-11,-10,-9,-8,-7,-6,-5,-4,-3,-2,2,3,4,-4,	3,5,5,6,4,4,4,4,4,4,4,4,4,4,4,	15:-15:2,-1:1:1,-2:2:1,4:-4:1,
test_15_4.lh	1,2,3,4,5,6,7,8,9,10,11,12,13,14,15,-15,-14,-13,-12,-11,-10,-9,-8,-7,-6,-5,-4,-3,-2,-1,1,2,3,4,5,6,7,8,9,10,11,12,13,-13,-12,-11,-10,-9,-8,-7,-6,6,7,8,9,10,-10,-9,-8,8,	3,3,3,3,3,5,5,7,6,6,4,4,4,2,2,	15:-15:1,-1:1:1,13:-13:1,-6:6:1,10:-10:1,-8:8:1,
test_15_5.lh	1,2,3,4,5,6,7,8,9,10,11,12,13,14,15,-15,-14,-13,-12,-11,-10,-9,-8,-7,-6,-5,-4,-3,-2,-1,1,2,3,4,5,6,7,8,9,10,11,12,13,14,15,-15,-14,	3,3,3,3,3,3,3,3,3,3,3,3,3,4,4,	15:-15:2,-1:1:1,
test_15_6.lh	1,2,3,4,5,6,7,8,9,10,11,12,13,14,15,-15,-14,-13,-12,-11,-10,-9,-8,-7,-6,-5,-4,-3,-2,-1,1,2,3,4,5,6,7,8,9,10,11,12,-12,-11,11,	3,3,3,3,3,3,3,3,3,3,5,4,2,2,2,	15:-15:1,-1:1:1,12:-12:1,-11:11:1,
test_15_7.lh	1,2,3,3,4,5,5,6,7,7,8,9,9,10,11,12,13,14,15,-15,-14,-13,-12,-11,-10,-9,-8,-7,-6,-5,-4,-3,-2,-1,1,2,3,4,5,6,7,8,9,10,11,12,13,14,15,-15,-14,-13,-12,-11,11,12,13,14,15,-15,-14,-13,-12,-11,-10,-9,	3,3,4,3,4,3,4,3,5,4,6,6,6,6,6,	3:3:1,5:5:1,7:7:1,9:9:1,15:-15:3,-1:1:1,-11:11:1,
test_15_8.lh	1,2,3,4,5,6,7,7,8,9,10,11,12,13,14,15,-15,-14,-13,-12,-11,-10,-9,-8,-8,-7,-6,-5,-4,-4,-3,-2,-1,1,2,3,4,5,6,7,8,-8,-7,	3,3,3,4,3,3,5,5,2,2,2,2,2,2,2,	7:7:1,15:-15:1,-8:-8:1,-4:-4:1,-1:1:1,8:-8:1,
test_15_9.lh	1,2,3,4,5,6,7,8,9,10,11,12,13,14,15,-15,-14,-13,-12,-11,-10,-9,-8,-7,-6,-5,-4,-3,-2,-1,1,2,3,4,5,6,7,8,9,10,11,12,13,14,15,-15,-14,-13,-12,-11,-10,-9,9,10,11,12,13,14,15,-15,-14,-13,-12,-11,-10,-9,-8,-7,-6,-5,-4,-3,	3,3,4,4,4,4,4,4,6,6,6,6,6,6,6,	15:-15:3,-1:1:1,-9:9:1,
test_15_10.lh	1,2,3,4,5,6,7,8,9,10,11,12,13,14,15,-15,-14,-13,-12,-11,-10,-9,-8,-7,-6,-5,-4,-3,-2,-1,1,2,3,4,5,6,7,8,9,10,11,12,13,14,15,-15,-14,-13,-12,-11,-10,-9,-8,-7,-6,-5,-4,4,5,6,-6,	3,3,3,5,5,6,4,4,4,4,4,4,4,4,4,	15:-15:2,-1:1:1,-4:4:1,6:-6:1,
test_15_11.lh	1,2,3,4,5,6,7,8,9,10,11,12,13,14,15,-15,-14,-13,-12,-11,-10,-9,-8,-7,-6,-5,-4,-3,-2,-1,1,2,3,-3,	3,3,4,2,2,2,2,2,2,2,2,2,2,2,2,	15:-15:1,-1:1:1,3:-3:1,
test_15_12.lh	1,2,3,4,5,6,7,8,9,10,11,12,13,14,15,-15,-14,-13,-12,-11,-10,-9,-8,-7,-6,-5,-4,-3,-2,-1,1,2,-2,	3,4,2,2,2,2,2,2,2,2,2,2,2,2,2,	15:-15:1,-1:1:1,2:-2:1,
test_15_13.lh	1,2,3,4,5,6,7,8,9,10,11,12,13,14,15,-15,-14,-13,-12,-11,-10,-9,-8,-7,-6,-5,-4,-3,-2,-1,1,2,3,4,5,6,7,8,9,-9,-8,8,	3,3,3,3,3,3,3,5,4,2,2,2,2,2,2,	15:-15:1,-1:1:1,9:-9:1,-8:8:1,
test_15_14.lh	1,2,3,4,5,6,7,8,9,10,11,12,13,14,15,-15,-14,-13,-12,-11,-10,-9,-8,-7,-6,-5,-4,-3,-2,-1,1,2,3,4,5,6,7,8,9,10,11,12,13,14,15,-15,-14,-13,-12,-11,-10,-9,-8,-7,-6,-5,-4,-3,-2,2,3,4,5,6,7,8,9,10,11,12,13,14,15,-15,-14,-13,-12,-11,-10,10,	3,5,5,5,5,5,5,5,5,7,6,6,6,6,6,	15:-15:3,-1:1:1,-2:2:1,-10:10:1,
test_15_15.lh	1,2,3,4,5,6,7,8,9,10,11,12,13,14,15,-15,-14,-13,-12,-11,-10,-9,-8,-7,-6,-5,-4,-3,-2,-1,1,2,3,4,5,6,-6,-5,5,	3,3,3,3,5,4,2,2,2,2,2,2,2,2,2,	15:-15:1,-1:1:1,6:-6:1,-5:5:1,
test_15_16.lh	1,2,3,4,5,6,7,8,9,10,11,12,13,14,15,-15,-14,-13,-12,-11,-10,-9,-8,-7,-6,-5,-4,-3,-2,-1,1,2,3,4,5,6,7,8,9,10,-10,-9,-8,-7,-6,6,	3,3,3,3,3,5,4,4,4,4,2,2,2,2,2,	15:-15:1,-1:1:1,10:-10:1,-6:6:1,
test_15_17.lh	1,2,3,4,5,6,7,8,8,9,10,10,11,12,12,13,14,15,-15,-15,-14,-13,-12,-11,-10,-9,-8,-7,-6,-5,-4,-3,-2,-1,1,2,3,4,5,6,7,8,9,10,11,-11,-10,-9,-8,-7,7,8,9,-9,	3,3,3,3,3,3,5,6,6,5,4,3,2,2,3,	8:8:1,10:10:1,12:12:1,15:-15:1,-15:-15:1,-1:1:1,11:-11:1,-7:7:1,9:-9:1,
test_15_18.lh	1,2,3,4,5,6,7,8,9,10,11,12,13,14,15,-15,-14,-13,-12,-11,-10,-9,-8,-7,-6,-5,-4,-3,-2,-1,1,2,3,4,5,6,7,8,9,10,11,12,-12,-11,-10,-9,-8,-7,-6,-5,-4,4,5,-5,	3,3,3,5,6,4,4,4,4,4,4,4,2,2,2,	15:-15:1,-1:1:1,12:-12:1,-4:4:1,5:-5:1,
test_15_19.lh	1,2,3,4,5,6,7,8,9,10,11,12,13,14,15,-15,-14,-13,-12,-11,-10,-9,-8,-7,-6,-5,-4,-3,-2,-1,1,2,3,-3,-2,2,	3,5,4,2,2,2,2,2,2,2,2,2,2,2,2,	15:-15:1,-1:1:1,3:-3:1,-2:2:1,
test_15_21.lh	1,2,3,4,5,6,7,8,9,10,11,12,13,14,15,-15,-14,-13,-12,-11,-10,-9,-8,-7,-6,-5,-4,-3,-2,-1,1,2,3,4,5,6,7,8,9,-9,	3,3,3,3,3,3,3,3,4,2,2,2,2,2,2,	15:-15:1,-1:1:1,9:-9:1,
test_15_22.lh	1,2,3,4,5,6,7,8,9,10,11,12,13,14,15,-15,-14,-13,-12,-11,-10,-9,-8,-7,-6,-5,-4,-3,-2,-1,1,2,3,4,5,6,7,8,-8,-7,-6,-5,-4,4,5,-5,	3,3,3,5,6,4,4,4,2,2,2,2,2,2,2,	15:-15:1,-1:1:1,8:-8:1,-4:4:1,5:-5:1,
test_15_23.lh	1,2,3,4,5,6,7,8,9,10,11,12,13,14,15,-15,-14,-13,-12,-11,-10,-9,-8,-7,-6,-5,-4,-3,-2,-1,1,2,3,4,5,6,7,8,9,10,11,12,13,-13,-12,-11,-10,-9,-8,-7,-6,-5,-4,4,5,6,7,8,9,10,11,	3,3,3,5,5,5,5,5,5,5,5,4,4,2,2,	15:-15:1,-1:1:1,13:-13:1,-4:4:1,
test_15_25.lh	1,2,3,4,5,6,7,8,9,10,11,12,13,14,15,15,-15,-14,-13,-12,-12,-11,-11,-10,-9,-8,-7,-7,-6,-5,-4,-3,-2,-2,-1,1,2,3,4,5,6,7,8,9,10,11,12,13,14,15,-15,-14,-13,-12,12,	3,4,3,3,3,3,4,3,3,3,4,6,4,4,5,	15:15:1,15:-15:2,-12:-12:1,-11:-11:1,-7:-7:1,-2:-2:1,-1:1:1,-12:12:1,
test_15_26.lh	1,2,3,4,5,6,7,8,9,10,11,12,13,13,14,15,-15,-14,-13,-12,-11,-10,-9,-8,-7,-6,-5,-4,-3,-2,-1,1,2,3,4,5,6,7,8,9,-9,-8,-7,-6,-5,-4,	3,3,3,4,4,4,4,4,4,2,2,2,3,2,2,	13:13:1,15:-15:1,-1:1:1,9:-9:1,
test_15_27.lh	1,2,2,3,4,5,6,7,8,9,10,11,12,13,14,15,-15,-15,-14,-13,-12,-11,-10,-9,-8,-7,-6,-5,-5,-4,-3,-3,-2,-1,1,2,3,4,5,6,7,8,9,10,11,12,13,14,15,-15,-14,-13,-12,-11,-10,-9,-8,-7,-6,-5,5,6,7,8,9,10,11,12,13,14,15,-15,-14,-13,-12,-11,-10,-9,-8,-7,-6,-5,-4,-3,-2,	3,5,5,4,7,6,6,6,6,6,6,6,6,6,7,	2:2:1,15:-15:3,-15:-15:1,-5:-5:1,-3:-3:1,-1:1:1,-5:5:1,
test_15_28.lh	1,2,3,4,4,5,6,7,8,9,10,11,11,12,13,14,14,15,-15,-14,-13,-12,-11,-10,-9,-8,-7,-6,-5,-4,-3,-2,-1,1,2,3,4,5,6,7,8,9,-9,-8,-7,-6,6,7,-7,	3,3,3,4,3,5,6,4,4,2,3,2,2,3,2,	4:4:1,11:11:1,14:14:1,15:-15:1,-1:1:1,9:-9:1,-6:6:1,7:-7:1,
test_15_29.lh	1,2,3,4,5,6,7,8,9,10,11,12,13,14,15,-15,-14,-13,-12,-11,-10,-9,-8,-7,-6,-5,-4,-3,-2,-1,1,2,3,4,5,6,7,8,9,10,11,12,13,14,15,-15,-14,-13,-12,-11,-10,-9,-8,-7,-6,-5,-4,-3,-2,2,3,4,5,6,7,8,9,10,11,12,13,14,-14,-13,-12,-11,	3,5,5,5,5,5,5,5,5,5,6,6,6,6,4,	15:-15:2,-1:1:1,-2:2:1,14:-14:1,
test_15_30.lh	1,2,3,4,5,6,7,8,9,10,11,12,13,14,15,-15,-14,-13,-12,-11,-10,-9,-8,-7,-6,-5,-4,-3,-2,-1,1,2,3,4,5,6,7,8,9,10,11,12,13,14,15,-15,-14,14,15,-15,-14,-13,-12,12,13,-13,	3,3,3,3,3,3,3,3,3,3,3,5,6,6,6,	15:-15:3,-1:1:1,-14:14:1,-12:12:1,13:-13:1,
test_15_31.lh	1,2,3,4,5,6,7,8,9,10,11,12,13,14,15,-15,-14,-13,-12,-11,-10,-9,-8,-7,-6,-5,-4,-3,-2,-1,1,2,3,4,5,6,7,8,9,10,11,12,13,14,-14,-13,-12,-11,-10,10,11,12,-12,	3,3,3,3,3,3,3,3,3,5,5,6,4,4,2,	15:-15:1,-1:1:1,14:-14:1,-10:10:1,12:-12:1,
test_15_33.lh	1,2,3,4,5,6,7,8,9,10,11,12,13,14,15,-15,-14,-13,-12,-11,-10,-9,-8,-7,-6,-5,-4,-3,-2,-1,1,2,3,4,5,6,7,8,9,10,11,12,13,14,-14,-13,-12,-11,-10,-9,	3,3,3,3,3,3,3,3,4,4,4,4,4,4,2,	15:-15:1,-1:1:1,14:-14:1,
test_15_37.lh	1,2,3,4,5,6,7,8,9,10,11,12,13,14,15,-15,-14,-13,-12,-11,-10,-9,-8,-7,-6,-5,-4,-3,-2,-1,1,2,3,4,5,6,7,8,9,10,11,12,13,14,-14,-13,-12,-11,-10,-9,-8,-7,-6,-5,-4,4,5,6,7,8,9,	3,3,3,5,5,5,5,5,5,4,4,4,4,4,2,	15:-15:1,-1:1:1,14:-14:1,-4:4:1,
test_15_39.lh	1,2,3,4,5,6,7,8,9,10,11,12,13,14,15,-15,-14,-13,-12,-11,-10,-9,-8,-7,-6,-5,-4,-3,-2,-1,1,2,3,4,5,6,7,8,9,10,11,12,13,14,15,-15,-14,-13,13,14,	3,3,3,3,3,3,3,3,3,3,3,3,5,5,4,	15:-15:2,-1:1:1,-13:13:1,
test_15_40.lh	1,2,2,3,4,5,6,7,8,9,10,11,11,12,13,14,15,15,-15,-14,-14,-13,-12,-11,-10,-9,-8,-7,-6,-5,-4,-3,-2,-1,1,2,-2,	3,5,2,2,2,2,2,2,2,2,3,2,2,3,3,	2:2:1,11:11:1,15:15:1,15:-15:1,-14:-14:1,-1:1:1,2:-2:1,
test_15_41.lh	1,2,3,4,5,6,7,8,9,10,11,12,13,14,15,-15,-14,-13,-12,-11,-10,-9,-8,-7,-6,-5,-4,-3,-2,-1,1,2,3,4,5,6,7,8,9,10,11,12,13,-13,-12,-11,-10,-9,-8,-7,-6,-5,-4,-3,-2,2,3,4,5,6,7,8,9,-9,-8,8,	3,5,5,5,5,5,5,7,6,4,4,4,4,2,2,	15:-15:1,-1:1:1,13:-13:1,-2:2:1,9:-9:1,-8:8:1,
test_15_42.lh	1,2,3,4,5,6,7,8,9,10,11,12,13,14,15,-15,-14,-13,-12,-11,-10,-9,-8,-7,-6,-5,-4,-3,-2,-1,1,2,3,4,5,6,7,8,9,10,-10,-9,-8,-7,7,8,-8,	3,3,3,3,3,3,5,6,4,4,2,2,2,2,2,	15:-15:1,-1:1:1,10:-10:1,-7:7:1,8:-8:1,
test_15_44.lh	1,2,3,4,5,6,6,7,8,9,10,11,12,13,14,15,-15,-14,-14,-13,-12,-11,-11,-10,-9,-8,-8,-7,-6,-5,-4,-3,-2,-1,-1,1,2,3,4,5,6,7,8,9,10,11,12,13,14,15,-15,-14,-13,-12,-11,-10,-9,-8,-7,-6,6,7,8,9,10,-10,-9,-8,8,	4,3,3,3,3,6,5,8,6,6,5,4,4,5,4,	6:6:1,15:-15:2,-14:-14:1,-11:-11:1,-8:-8:1,-1:-1:1,-1:1:1,-6:6:1,10:-10:1,-8:8:1,
test_15_45.lh	1,2,3,4,5,6,7,8,9,10,11,12,13,14,15,-15,-14,-13,-12,-11,-10,-9,-8,-7,-6,-5,-4,-3,-2,-1,1,2,3,4,5,6,7,8,	3,3,3,3,3,3,3,3,2,2,2,2,2,2,2,	15:-15:1,-1:1:1,
test_15_46.lh	1,2,3,4,5,6,7,8,9,10,11,12,13,14,15,-15,-14,-13,-12,-11,-10,-9,-8,-7,-6,-5,-4,-3,-2,-1,1,2,3,4,5,-5,-4,-3,	3,3,4,4,4,2,2,2,2,2,2,2,2,2,2,	15:-15:1,-1:1:1,5:-5:1,
test_15_47.lh	1,2,3,4,5,6,7,8,9,10,11,12,13,14,15,-15,-14,-13,-12,-11,-10,-9,-8,-7,-6,-5,-4,-3,-2,-1,1,2,3,4,5,	3,3,3,3,3,2,2,2,2,2,2,2,2,2,2,	15:-15:1,-1:1:1,
test_15_48.lh	1,2,3,4,5,6,7,8,9,10,11,12,13,14,15,-15,-14,-13,-12,-11,-10,-9,-8,-7,-6,-5,-4,-3,-2,-1,1,2,3,4,5,6,7,8,9,10,11,12,13,14,15,-15,-14,-13,-12,-11,-10,-9,9,10,11,12,-12,	3,3,3,3,3,3,3,3,5,5,5,6,4,4,4,	15:-15:2,-1:1:1,-9:9:1,12:-12:1,
test_15_51.lh	1,2,3,4,5,6,7,8,9,10,11,12,13,14,15,-15,-14,-13,-12,-11,-10,-9,-8,-7,-6,-5,-4,-3,-2,-1,1,2,3,4,5,6,-6,-5,-4,-3,-2,2,	3,5,4,4,4,4,2,2,2,2,2,2,2,2,2,	15:-15:1,-1:1:1,6:-6:1,-2:2:1,
test_15_52.lh	1,2,3,4,5,6,7,8,9,10,11,12,13,14,15,-15,-14,-13,-12,-11,-10,-9,-8,-7,-6,-5,-4,-3,-2,-1,1,2,3,4,5,6,7,8,9,10,11,12,13,14,15,-15,-14,-13,-12,-11,-10,-9,-8,-7,-6,6,7,8,-8,	3,3,3,3,3,5,5,6,4,4,4,4,4,4,4,	15:-15:2,-1:1:1,-6:6:1,8:-8:1,
test_15_53.lh	1,2,3,4,5,6,7,8,9,10,11,12,13,14,15,-15,-14,-13,-12,-11,-10,-9,-8,-7,-6,-5,-4,-4,-3,-2,-1,1,2,3,4,5,-5,-4,-3,3,	3,3,5,5,4,2,2,2,2,2,2,2,2,2,2,	15:-15:1,-4:-4:1,-1:1:1,5:-5:1,-3:3:1,
test_15_54.lh	1,2,3,4,5,6,7,8,9,10,11,12,13,14,15,-15,-14,-13,-12,-11,-10,-9,-8,-7,-6,-5,-4,-3,-2,-1,1,2,3,4,5,6,-6,-5,-4,-3,3,4,5,	3,3,5,5,5,4,2,2,2,2,2,2,2,2,2,	15:-15:1,-1:1:1,6:-6:1,-3:3:1,
test_15_55.lh	1,2,3,4,5,6,7,8,9,10,11,12,13,14,15,-15,-14,-13,-12,-11,-10,-9,-8,-7,-6,-5,-4,-3,-2,-1,1,2,3,4,5,6,7,8,9,10,11,12,13,14,15,-15,-14,-13,-12,-11,-10,-9,-8,-7,7,8,9,10,11,12,13,14,15,-15,	3,3,3,3,3,3,5,5,5,5,5,5,5,5,6,	15:-15:3,-1:1:1,-7:7:1,
test_15_56.lh	1,1,2,2,3,4,5,6,7,8,9,10,11,12,13,13,14,15,15,-15,-14,-14,-13,-12,-11,-10,-9,-8,-7,-6,-5,-4,-3,-2,-1,1,2,3,4,5,6,7,8,9,10,11,12,13,14,15,-15,-14,-13,-12,12,13,-13,	4,4,3,3,3,3,3,3,3,3,3,5,7,5,5,	1:1:1,2:2:1,13:13:1,15:15:1,15:-15:2,-14:-14:1,-1:1:1,-12:12:1,13:-13:1,
test_15_59.lh	1,2,3,4,5,6,7,8,9,10,11,12,13,14,15,-15,-14,-13,-12,-11,-10,-9,-8,-7,-6,-5,-4,-3,-2,-1,1,2,3,4,5,6,7,8,9,10,11,12,13,14,15,-15,-14,	3,3,3,3,3,3,3,3,3,3,3,3,3,4,4,	15:-15:2,-1:1:1,
test_15_61.lh	1,2,3,4,5,6,7,8,9,10,11,12,13,14,15,-15,-14,-13,-12,-11,-10,-10,-9,-8,-8,-7,-6,-5,-4,-3,-2,-1,1,2,3,4,5,6,7,8,9,10,-10,	3,3,3,3,3,3,3,4,3,5,2,2,2,2,2,	15:-15:1,-10:-10:1,-8:-8:1,-1:1:1,10:-10:1,
test_15_62.lh	1,2,3,4,5,6,7,8,9,10,11,12,13,14,15,-15,-14,-13,-12,-11,-10,-9,-8,-7,-6,-5,-4,-3,-2,-1,-1,1,2,3,4,5,6,7,-7,-6,-5,5,6,-6,	4,3,3,3,5,6,4,2,2,2,2,2,2,2,2,	15:-15:1,-1:-1:1,-1:1:1,7:-7:1,-5:5:1,6:-6:1,
test_15_63.lh	1,2,3,4,5,6,7,8,9,10,11,12,13,14,15,-15,-14,-13,-12,-12,-11,-10,-9,-8,-7,-6,-5,-4,-3,-2,-1,1,2,3,4,5,6,7,8,9,10,11,12,13,14,15,-15,-14,-13,-12,-11,-10,-9,-8,8,9,10,11,12,13,14,15,-15,-14,-13,-12,12,13,-13,	3,3,3,3,3,3,3,5,5,5,5,8,8,6,6,	15:-15:3,-12:-12:1,-1:1:1,-8:8:1,-12:12:1,13:-13:1,
test_15_64.lh	1,2,3,4,5,6,7,8,9,10,11,12,13,14,15,-15,-14,-13,-12,-11,-10,-9,-8,-7,-6,-5,-4,-3,-2,-1,1,2,3,4,5,6,7,8,9,10,11,12,13,14,15,-15,-14,-13,	3,3,3,3,3,3,3,3,3,3,3,3,4,4,4,	15:-15:2,-1:1:1,
test_15_65.lh	1,2,3,4,5,6,7,8,9,10,11,12,13,14,15,-15,-14,-13,-12,-11,-10,-9,-8,-7,-6,-5,-4,-3,-2,-1,1,2,3,4,5,6,7,8,9,10,11,12,13,14,15,-15,-14,-13,-12,-11,	3,3,3,3,3,3,3,3,3,3,4,4,4,4,4,	15:-15:2,-1:1:1,
test_15_66.lh	1,2,3,4,4,5,6,7,7,8,9,10,11,12,13,14,15,-15,-14,-13,-13,-12,-11,-10,-9,-8,-7,-6,-5,-4,-3,-3,-2,-1,1,2,3,4,5,6,7,8,9,10,11,-11,-10,-9,-8,-7,-6,-5,5,	3,3,4,4,5,4,5,4,4,4,4,2,3,2,2,	4:4:1,7:7:1,15:-15:1,-13:-13:1,-3:-3:1,-1:1:1,11:-11:1,-5:5:1,
test_15_68.lh	1,2,3,3,4,5,6,7,8,9,10,11,12,13,14,15,-15,-14,-13,-12,-11,-10,-9,-8,-7,-6,-5,-4,-3,-2,-2,-1,1,2,3,4,5,6,7,8,9,10,11,12,13,14,15,-15,-14,-13,-12,-11,-10,-9,-8,-7,-6,-5,-4,	3,4,4,4,4,4,4,4,4,4,4,4,4,4,4,	3:3:1,15:-15:2,-2:-2:1,-1:1:1,
test_15_69.lh	1,2,3,4,5,6,7,8,9,10,11,12,13,14,15,-15,-14,-13,-12,-11,-10,-9,-8,-7,-6,-5,-4,-3,-2,-1,1,2,3,4,5,6,7,8,9,10,11,12,13,14,15,-15,-14,-13,-12,12,13,14,15,-15,-14,-13,-12,-11,-10,-9,-8,-7,-6,	3,3,3,3,3,4,4,4,4,4,4,6,6,6,6,	15:-15:3,-1:1:1,-12:12:1,
test_15_71.lh	1,2,3,4,5,6,7,8,9,10,11,12,13,14,15,-15,-14,-13,-12,-11,-10,-9,-8,-7,-6,-5,-4,-3,-2,-1,1,2,3,-3,	3,3,4,2,2,2,2,2,2,2,2,2,2,2,2,	15:-15:1,-1:1:1,3:-3:1,
test_15_72.lh	1,2,3,4,5,6,7,8,9,10,11,12,13,14,15,-15,-14,-13,-12,-11,-10,-9,-8,-7,-6,-5,-4,-3,-2,-1,1,2,3,4,5,6,7,8,9,10,11,12,	3,3,3,3,3,3,3,3,3,3,3,3,2,2,2,	15:-15:1,-1:1:1,
test_15_74.lh	1,2,3,4,5,6,7,8,9,10,11,12,13,14,15,-15,-14,-13,-12,-11,-10,-9,-8,-7,-6,-5,-4,-3,-2,-1,1,2,3,4,5,6,-6,-5,-4,-3,	3,3,4,4,4,4,2,2,2,2,2,2,2,2,2,	15:-15:1,-1:1:1,6:-6:1,
test_15_75.lh	1,2,3,4,5,6,7,8,9,10,11,12,13,14,15,-15,-14,-13,-12,-11,-10,-9,-8,-7,-6,-5,-4,-3,-2,-1,1,2,3,4,5,6,7,8,9,10,11,12,13,14,15,-15,-14,-13,-12,-11,-10,-9,-8,	3,3,3,3,3,3,3,4,4,4,4,4,4,4,4,	15:-15:2,-1:1:1,
test_15_76.lh	1,2,3,4,5,6,7,8,9,10,11,12,13,14,15,-15,-14,-13,-12,-11,-10,-9,-8,-7,-6,-5,-4,-3,-2,-1,1,2,3,4,-4,-3,3,	3,3,5,4,2,2,2,2,2,2,2,2,2,2,2,	15:-15:1,-1:1:1,4:-4:1,-3:3:1,
test_15_77.lh	1,2,3,4,5,6,7,8,9,10,11,12,13,14,15,-15,-14,-13,-12,-11,-10,-9,-8,-7,-6,-5,-4,-3,-2,-1,1,2,3,4,5,6,7,8,9,-9,	3,3,3,3,3,3,3,3,4,2,2,2,2,2,2,	15:-15:1,-1:1:1,9:-9:1,
test_15_78.lh	1,2,3,4,5,6,6,7,7,8,9,10,11,12,13,14,15,-15,-14,-13,-13,-12,-11,-11,-10,-9,-8,-7,-6,-5,-4,-4,-3,-2,-1,1,2,3,4,5,6,7,8,9,10,11,-11,-10,-9,-8,-7,7,8,9,10,	3,3,3,4,3,4,6,5,5,5,5,2,3,2,2,	6:6:1,7:7:1,15:-15:1,-13:-13:1,-11:-11:1,-4:-4:1,-1:1:1,11:-11:1,-7:7:1,
test_15_79.lh	1,2,3,4,4,5,6,7,8,9,10,11,11,12,13,13,14,15,-15,-14,-14,-13,-12,-11,-10,-9,-8,-7,-6,-5,-4,-3,-2,-1,1,2,3,4,5,-5,-4,4,	3,3,3,6,4,2,2,2,2,2,3,2,3,3,2,	4:4:1,11:11:1,13:13:1,15:-15:1,-14:-14:1,-1:1:1,5:-5:1,-4:4:1,
test_15_80.lh	1,2,3,4,5,6,7,8,9,10,11,12,13,14,15,-15,-14,-13,-12,-11,-10,-9,-8,-7,-6,-5,-4,-3,-2,-1,1,2,3,4,5,6,7,8,9,10,11,12,13,14,15,-15,-14,-13,-12,-11,-10,-9,-8,-7,-6,-5,5,6,7,8,9,10,11,12,13,14,15,-15,-14,-13,-12,-11,-10,-9,9,10,11,-11,-10,10,	3,3,3,3,5,5,5,5,7,9,8,6,6,6,6,	15:-15:3,-1:1:1,-5:5:1,-9:9:1,11:-11:1,-10:10:1,
test_15_81.lh	1,2,3,4,5,6,7,8,9,10,11,12,13,14,15,-15,-14,-13,-12,-11,-10,-9,-8,-7,-6,-5,-4,-3,-2,-1,1,2,3,4,5,6,7,8,9,10,11,12,13,14,15,-15,-14,-13,-12,-11,-10,-9,9,10,11,12,13,14,15,-15,-14,-13,-12,-11,-10,-9,-8,8,9,10,11,12,13,	3,3,3,3,3,3,3,5,7,7,7,7,7,6,6,	15:-15:3,-1:1:1,-9:9:1,-8:8:1,
test_15_82.lh	1,2,3,4,5,6,7,8,9,10,11,12,13,14,15,-15,-14,-13,-12,-11,-10,-9,-8,-7,-6,-5,-4,-3,-2,-1,1,2,3,4,5,6,7,8,9,10,11,	3,3,3,3,3,3,3,3,3,3,3,2,2,2,2,	15:-15:1,-1:1:1,
test_10_12.lh	1,2,3,4,5,6,7,8,9,10,-10,-9,-8,-7,-6,-5,-4,-3,-2,-1,1,2,3,4,5,6,7,-7,-6,-5,-4,-3,-2,2,	3,5,4,4,4,4,4,2,2,2,	10:-10:1,-1:1:1,7:-7:1,-2:2:1,
test_10_14.lh	1,2,3,4,5,6,7,8,9,10,-10,-9,-8,-7,-6,-5,-4,-3,-2,-1,1,2,-2,	3,4,2,2,2,2,2,2,2,2,	10:-10:1,-1:1:1,2:-2:1,
test_10_17.lh	1,2,3,4,5,6,7,8,9,10,-10,-9,-8,-7,-6,-5,-4,-3,-2,-1,1,2,3,4,5,6,7,-7,-6,-5,-4,-3,-2,2,3,-3,	3,5,6,4,4,4,4,2,2,2,	10:-10:1,-1:1:1,7:-7:1,-2:2:1,3:-3:1,
test_10_18.lh	1,2,3,4,5,6,7,8,9,10,-10,-9,-8,-7,-6,-5,-4,-3,-2,-1,1,2,3,4,5,6,7,8,9,10,-10,-9,-8,-7,-6,-5,5,6,7,8,9,-9,-8,8,	3,3,3,3,5,5,5,7,6,4,	10:-10:2,-1:1:1,-5:5:1,9:-9:1,-8:8:1,
test_10_30.lh	1,2,3,4,5,6,7,8,9,10,-10,-9,-8,-7,-6,-5,-4,-3,-2,-1,1,2,3,4,5,6,7,8,9,-9,-8,8,	3,3,3,3,3,3,3,5,4,2,	10:-10:1,-1:1:1,9:-9:1,-8:8:1,
test_10_32.lh	1,2,3,4,5,6,7,8,9,10,-10,-9,-8,-7,-6,-5,-4,-3,-2,-1,1,2,3,4,5,6,7,8,9,10,-10,-9,-8,-7,-6,6,7,8,9,	3,3,3,3,3,5,5,5,5,4,	10:-10:2,-1:1:1,-6:6:1,
test_10_35.lh	1,2,3,4,5,6,7,8,9,10,-10,-9,-8,-7,-6,-5,-4,-3,-2,-1,1,2,3,4,5,6,7,8,9,10,-10,-9,-8,-7,-6,6,7,8,9,10,-10,	3,3,3,3,3,5,5,5,5,6,	10:-10:3,-1:1:1,-6:6:1,
test_10_45.lh	1,2,3,4,5,6,7,8,9,10,-10,-9,-8,-7,-6,-5,-4,-3,-2,-1,1,2,3,4,5,6,7,8,9,10,-10,10,-10,-9,9,	3,3,3,3,3,3,3,3,5,6,	10:-10:3,-1:1:1,-10:10:1,-9:9:1,
test_10_48.lh	1,2,3,4,5,6,7,8,9,10,-10,-9,-8,-7,-7,-6,-5,-4,-3,-2,-1,1,2,3,4,5,6,7,8,9,10,-10,-9,-8,	3,3,3,3,3,3,4,4,4,4,	10:-10:2,-7:-7:1,-1:1:1,
test_10_5.lh	1,2,3,4,5,6,7,8,9,10,-10,-9,-8,-7,-6,-5,-4,-3,-2,-1,-1,1,2,3,4,	4,3,3,3,2,2,2,2,2,2,	10:-10:1,-1:-1:1,-1:1:1,
test_10_64.lh	1,2,3,4,5,6,7,8,9,10,-10,-9,-8,-7,-6,-5,-4,-3,-2,-1,1,2,3,4,-4,-3,	3,3,4,4,2,2,2,2,2,2,	10:-10:1,-1:1:1,4:-4:1,
test_10_66.lh	1,2,3,4,5,6,7,8,9,10,-10,-10,-9,-8,-7,-6,-5,-5,-4,-3,-2,-2,-1,-1,1,2,3,4,5,6,7,8,	4,4,3,3,4,3,3,3,2,3,	10:-10:1,-10:-10:1,-5:-5:1,-2:-2:1,-1:-1:1,-1:1:1,
test_10_72.lh	1,2,3,4,5,6,7,8,9,10,-10,-9,-8,-7,-6,-5,-4,-3,-2,-1,1,2,3,4,5,6,7,8,9,10,-10,-9,-8,-7,-6,-5,-4,-3,	3,3,4,4,4,4,4,4,4,4,	10:-10:2,-1:1:1,
test_10_73.lh	1,2,3,4,5,6,6,7,8,9,10,-10,-9,-8,-7,-6,-5,-5,-4,-3,-2,-1,1,2,3,4,5,6,7,8,9,10,-10,-9,-8,-7,-6,-5,-4,	3,3,3,4,5,5,4,4,4,4,	6:6:1,10:-10:2,-5:-5:1,-1:1:1,
test_10_8.lh	1,2,3,4,5,6,7,8,9,10,-10,-9,-8,-7,-6,-5,-4,-3,-2,-1,1,2,3,4,5,6,7,8,9,10,-10,-9,-8,-7,-6,-5,-4,4,5,6,7,-7,-6,-5,	3,3,3,5,6,6,6,4,4,4,	10:-10:2,-1:1:1,-4:4:1,7:-7:1,
test_12_18.lh	1,2,3,4,5,6,7,8,9,10,11,12,-12,-11,-10,-9,-8,-7,-6,-5,-4,-3,-2,-1,1,2,3,4,5,6,7,8,9,10,11,12,-12,-11,-10,-9,9,10,-10,	3,3,3,3,3,3,3,3,5,6,4,4,	12:-12:2,-1:1:1,-9:9:1,10:-10:1,
test_12_29.lh	1,2,3,4,5,5,6,7,7,8,8,9,10,10,11,12,-12,-12,-11,-10,-9,-8,-7,-6,-5,-4,-3,-2,-1,1,2,3,4,5,-5,-4,4,	3,3,3,5,5,2,3,3,2,3,2,3,	5:5:1,7:7:1,8:8:1,10:10:1,12:-12:1,-12:-12:1,-1:1:1,5:-5:1,-4:4:1,
test_12_33.lh	1,2,3,4,5,6,7,8,9,10,11,12,-12,-11,-10,-9,-8,-7,-6,-5,-4,-3,-2,-1,1,	3,2,2,2,2,2,2,2,2,2,2,2,	12:-12:1,-1:1:1,
test_12_35.lh	1,2,3,4,5,6,7,8,9,10,11,12,-12,-11,-10,-9,-8,-7,-6,-5,-4,-3,-2,-1,1,2,3,4,5,6,-6,-5,-4,4,5,	3,3,3,5,5,4,2,2,2,2,2,2,	12:-12:1,-1:1:1,6:-6:1,-4:4:1,
test_12_39.lh	1,2,3,4,5,6,7,8,9,10,11,12,-12,-11,-10,-9,-8,-7,-6,-5,-4,-3,-2,-1,1,2,3,4,5,6,7,8,9,10,-10,-9,-8,-7,7,8,-8,	3,3,3,3,3,3,5,6,4,4,2,2,	12:-12:1,-1:1:1,10:-10:1,-7:7:1,8:-8:1,
test_12_44.lh	1,1,2,3,4,5,6,7,7,8,9,10,11,12,-12,-12,-11,-11,-10,-9,-8,-7,-6,-5,-4,-4,-3,-2,-1,1,	4,2,2,3,2,2,3,2,2,2,3,3,	1:1:1,7:7:1,12:-12:1,-12:-12:1,-11:-11:1,-4:-4:1,-1:1:1,
test_12_5.lh	1,2,3,4,5,6,7,8,9,10,11,12,-12,-11,-10,-9,-8,-7,-6,-5,-4,-3,-2,-1,1,2,3,4,5,6,7,8,9,10,11,12,-12,-11,-10,-9,-8,-7,-6,-5,-4,4,5,6,7,8,9,-9,	3,3,3,5,5,5,5,5,6,4,4,4,	12:-12:2,-1:1:1,-4:4:1,9:-9:1,
test_12_57.lh	1,2,3,4,5,6,7,8,9,10,11,12,-12,-11,-10,-9,-8,-7,-6,-5,-4,-3,-2,-1,1,2,3,4,5,6,-6,-5,-4,4,	3,3,3,5,4,4,2,2,2,2,2,2,	12:-12:1,-1:1:1,6:-6:1,-4:4:1,
test_12_63.lh	1,2,3,4,5,6,7,8,9,10,11,12,-12,-11,-10,-9,-8,-7,-6,-5,-4,-3,-2,-1,1,2,3,4,5,-5,-4,-3,-2,2,3,-3,	3,5,6,4,4,2,2,2,2,2,2,2,	12:-12:1,-1:1:1,5:-5:1,-2:2:1,3:-3:1,
test_12_73.lh	1,2,3,4,5,6,7,8,9,10,11,12,-12,-11,-10,-9,-8,-7,-6,-5,-4,-3,-2,-1,1,2,3,4,5,6,7,8,9,10,11,12,-12,-11,-10,-9,-8,-7,-6,-5,5,6,7,8,9,	3,3,3,3,5,5,5,5,5,4,4,4,	12:-12:2,-1:1:1,-5:5:1,
test_12_75.lh	1,2,3,4,5,5,6,7,8,9,10,11,12,-12,-11,-10,-9,-9,-8,-7,-6,-5,-4,-3,-2,-1,1,2,3,4,5,6,-6,-5,5,	3,3,3,3,6,4,2,2,3,2,2,2,	5:5:1,12:-12:1,-9:-9:1,-1:1:1,6:-6:1,-5:5:1,
test_15_24.lh	1,2,3,4,5,6,7,8,9,10,11,12,13,14,15,-15,-14,-13,-12,-11,-10,-9,-8,-7,-6,-5,-4,-3,-2,-1,1,2,3,4,5,6,7,8,9,10,11,12,13,14,15,-15,-14,-13,-12,-11,-10,-9,-8,-7,-6,-5,5,6,7,8,9,10,11,12,13,14,-14,-13,-12,-11,11,12,	3,3,3,3,5,5,5,5,5,5,7,7,6,6,4,	15:-15:2,-1:1:1,-5:5:1,14:-14:1,-11:11:1,
test_15_32.lh	1,2,3,4,4,5,6,7,8,9,10,10,11,12,13,14,15,-15,-15,-14,-14,-13,-12,-11,-10,-9,-8,-7,-6,-5,-4,-3,-2,-1,1,2,3,4,5,6,7,8,9,10,11,12,13,14,15,-15,-14,-13,13,14,15,-15,-14,-13,-12,-11,-10,-9,-8,-7,-6,-5,	3,3,3,4,4,4,4,4,4,5,4,4,6,7,7,	4:4:1,10:10:1,15:-15:3,-15:-15:1,-14:-14:1,-1:1:1,-13:13:1,
test_15_34.lh	1,2,3,4,5,6,7,8,9,10,11,12,13,14,15,-15,-14,-13,-12,-11,-10,-9,-8,-7,-6,-5,-4,-3,-2,-1,1,2,3,4,5,6,7,8,9,10,11,12,13,14,15,-15,-14,-13,-12,-11,-10,-9,-8,-7,-6,-5,5,6,7,8,9,10,11,12,13,14,15,-15,-14,-13,-12,-11,-10,-9,-8,-7,	3,3,3,3,5,5,6,6,6,6,6,6,6,6,6,	15:-15:3,-1:1:1,-5:5:1,
test_15_36.lh	1,2,3,4,5,6,7,8,9,10,11,12,13,14,15,-15,-14,-13,-12,-11,-10,-9,-8,-7,-6,-5,-4,-3,-2,-1,1,2,3,4,5,6,7,8,-8,-7,-6,	3,3,3,3,3,4,4,4,2,2,2,2,2,2,2,	15:-15:1,-1:1:1,8:-8:1,
test_15_38.lh	1,2,3,4,5,6,7,8,9,10,11,12,13,14,15,-15,-14,-13,-12,-11,-10,-9,-8,-7,-6,-5,-4,-3,-2,-1,1,2,3,4,5,-5,-4,-3,-2,2,	3,5,4,4,4,2,2,2,2,2,2,2,2,2,2,	15:-15:1,-1:1:1,5:-5:1,-2:2:1,
test_15_43.lh	1,2,3,4,5,6,7,8,9,10,11,12,13,14,15,-15,-14,-13,-12,-11,-10,-9,-8,-7,-6,-5,-4,-3,-2,-1,1,2,3,4,5,6,7,8,9,10,-10,-9,-8,-7,-6,-5,5,6,7,8,	3,3,3,3,5,5,5,5,4,4,2,2,2,2,2,	15:-15:1,-1:1:1,10:-10:1,-5:5:1,
test_15_49.lh	1,2,3,4,5,6,7,8,9,10,11,12,13,14,15,-15,-14,-13,-12,-11,-10,-9,-8,-7,-6,-5,-4,-3,-2,-1,1,2,3,4,5,6,7,8,9,10,11,12,13,14,15,-15,-14,-13,-12,-11,-10,-9,-8,-7,-6,-5,-4,-3,-2,2,3,4,5,6,7,8,9,10,11,12,13,14,15,-15,-14,-13,-12,-11,-10,-9,-8,-7,7,8,9,10,-10,-9,-8,8,9,-9,	3,5,5,5,5,5,7,9,10,8,6,6,6,6,6,	15:-15:3,-1:1:1,-2:2:1,-7:7:1,10:-10:1,-8:8:1,9:-9:1,
test_15_50.lh	1,2,3,4,5,6,7,8,9,10,11,12,13,14,15,-15,-14,-13,-12,-11,-10,-9,-8,-7,-6,-5,-4,-3,-2,-1,1,2,3,-3,-2,2,	3,5,4,2,2,2,2,2,2,2,2,2,2,2,2,	15:-15:1,-1:1:1,3:-3:1,-2:2:1,
test_15_58.lh	1,2,3,4,5,6,7,8,9,10,11,12,13,14,15,-15,-14,-13,-12,-11,-10,-9,-8,-7,-6,-5,-4,-4,-3,-2,-1,1,2,3,4,5,6,7,8,9,	3,3,3,4,3,3,3,3,3,2,2,2,2,2,2,	15:-15:1,-4:-4:1,-1:1:1,
test_15_60.lh	1,2,3,4,5,6,7,8,9,10,11,12,13,14,15,-15,-14,-13,-12,-11,-10,-9,-8,-7,-6,-5,-4,-3,-2,-1,1,2,3,4,5,6,7,8,9,10,11,12,13,-13,-12,-11,-10,-9,-8,-7,-6,-5,-4,	3,3,3,4,4,4,4,4,4,4,4,4,4,2,2,	15:-15:1,-1:1:1,13:-13:1,
test_15_67.lh	1,2,3,4,5,6,7,8,9,10,11,12,13,14,15,-15,-14,-13,-12,-11,-10,-9,-8,-7,-6,-5,-4,-3,-2,-1,1,2,3,4,5,6,7,8,9,10,11,12,13,-13,-12,-11,-10,-9,-8,-7,-6,-5,-4,-3,-2,2,3,4,5,6,-6,	3,5,5,5,5,6,4,4,4,4,4,4,4,2,2,	15:-15:1,-1:1:1,13:-13:1,-2:2:1,6:-6:1,
test_15_70.lh	1,2,3,4,5,6,7,8,9,10,11,12,13,14,15,-15,-14,-13,-12,-11,-10,-9,-8,-7,-6,-5,-4,-3,-2,-1,1,2,3,4,5,6,-6,-5,-4,4,	3,3,3,5,4,4,2,2,2,2,2,2,2,2,2,	15:-15:1,-1:1:1,6:-6:1,-4:4:1,
test_15_73.lh	1,2,3,4,5,6,6,7,8,9,9,10,11,12,13,14,15,-15,-14,-13,-12,-11,-10,-9,-8,-8,-7,-7,-6,-5,-4,-3,-3,-2,-1,1,2,3,4,5,6,7,8,9,10,11,12,13,14,15,-15,-14,-13,-12,-11,-10,-9,-8,-7,7,8,9,10,11,12,	3,3,4,3,3,4,6,6,6,5,5,5,4,4,4,	6:6:1,9:9:1,15:-15:2,-8:-8:1,-7:-7:1,-3:-3:1,-1:1:1,-7:7:1,
test_15_20.lh	1,1,2,3,4,5,6,7,8,9,10,11,12,13,14,15,-15,-14,-13,-12,-11,-10,-9,-8,-7,-7,-6,-5,-4,-3,-2,-1,1,2,3,4,5,6,7,8,9,10,11,12,13,14,15,-15,-14,-13,-12,-11,-10,-9,-8,8,9,10,11,12,13,14,15,-15,-14,-13,-12,-11,-10,-9,-8,-7,-6,-5,-4,-3,3,4,5,6,7,8,9,10,11,12,13,14,-14,-13,-12,-11,-10,-9,-8,8,9,10,11,12,-12,-11,-10,10,11,	4,3,5,5,5,5,6,9,9,11,11,10,8,8,6,	1:1:1,15:-15:3,-7:-7:1,-1:1:1,-8:8:2,-3:3:1,14:-14:1,12:-12:1,-10:10:1,
test_15_57.lh	1,2,3,3,4,5,6,7,8,8,9,10,11,12,12,13,14,15,15,-15,-14,-13,-12,-11,-11,-10,-9,-8,-7,-6,-5,-4,-3,-2,-1,1,2,3,4,5,6,7,8,9,10,11,12,13,14,15,-15,-14,-13,-12,-11,11,12,13,14,15,-15,-14,-13,-12,12,13,14,-14,	3,3,4,3,3,3,3,4,3,3,6,8,7,8,7,	3:3:1,8:8:1,12:12:1,15:15:1,15:-15:3,-11:-11:1,-1:1:1,-11:11:1,-12:12:1,14:-14:1,
test_6_39.lh	1,2,3,4,5,6,-6,-5,-4,-3,-2,-1,1,2,3,4,5,-5,	3,3,3,3,4,2,	6:-6:1,-1:1:1,5:-5:1,
test_6_40.lh	1,2,3,4,5,6,-6,-5,-4,-3,-2,-1,1,	3,2,2,2,2,2,	6:-6:1,-1:1:1,
test_6_42.lh	1,2,3,4,5,6,-6,-5,-4,-3,-2,-1,1,2,3,4,5,6,-6,-5,-4,-3,3,	3,3,5,4,4,4,	6:-6:2,-1:1:1,-3:3:1,
test_6_55.lh	1,2,3,4,5,6,-6,-5,-4,-3,-2,-1,1,2,3,-3,	3,3,4,2,2,2,	6:-6:1,-1:1:1,3:-3:1,
test_6_6.lh	1,2,3,4,5,6,-6,-5,-4,-3,-2,-1,1,	3,2,2,2,2,2,	6:-6:1,-1:1:1,
test_6_77.lh	1,2,3,4,5,6,-6,-5,-4,-3,-2,-1,1,2,3,4,5,6,	3,3,3,3,3,3,	6:-6:1,-1:1:1,
test_8_36.lh	1,2,3,4,4,5,6,7,8,-8,-7,-6,-5,-4,-3,-2,-1,1,2,3,-3,-2,2,	3,5,4,3,2,2,2,2,	4:4:1,8:-8:1,-1:1:1,3:-3:1,-2:2:1,
test_8_38.lh	1,1,2,3,3,4,5,6,7,8,8,-8,-7,-7,-6,-5,-4,-3,-2,-2,-1,1,2,3,4,5,6,7,8,-8,-7,-6,-5,-4,-3,-2,	4,5,5,4,4,4,5,5,	1:1:1,3:3:1,8:8:1,8:-8:2,-7:-7:1,-2:-2:1,-1:1:1,
test_8_4.lh	1,2,3,4,5,6,7,8,-8,-7,-6,-5,-4,-3,-2,-1,1,2,3,4,5,6,7,8,-8,-7,-6,-5,-4,4,5,6,7,8,-8,-7,-6,	3,3,3,5,5,6,6,6,	8:-8:3,-1:1:1,-4:4:1,
test_8_46.lh	1,2,3,4,5,6,7,8,-8,-7,-6,-5,-4,-3,-2,-1,1,2,3,4,5,6,7,8,-8,-7,-6,-5,	3,3,3,3,4,4,4,4,	8:-8:2,-1:1:1,
test_8_49.lh	1,2,3,4,5,6,7,8,-8,-7,-6,-5,-4,-3,-2,-1,1,2,3,4,5,-5,-4,-3,3,	3,3,5,4,4,2,2,2,	8:-8:1,-1:1:1,5:-5:1,-3:3:1,
test_8_57.lh	1,2,3,4,5,6,7,8,-8,-7,-6,-5,-4,-3,-2,-1,1,2,3,4,5,6,	3,3,3,3,3,3,2,2,	8:-8:1,-1:1:1,
test_8_6.lh	1,2,3,4,5,6,7,8,-8,-7,-6,-5,-4,-3,-2,-1,1,2,3,4,5,-5,-4,4,	3,3,3,5,4,2,2,2,	8:-8:1,-1:1:1,5:-5:1,-4:4:1,
test_8_60.lh	1,2,3,4,5,6,7,8,-8,-7,-6,-5,-4,-3,-2,-1,1,2,3,4,5,6,7,8,-8,-7,-6,-5,	3,3,3,3,4,4,4,4,	8:-8:2,-1:1:1,
test_8_7.lh	1,2,3,4,5,6,7,8,-8,-7,-6,-5,-4,-3,-2,-1,1,2,3,-3,-2,2,	3,5,4,2,2,2,2,2,	8:-8:1,-1:1:1,3:-3:1,-2:2:1,
test_8_77.lh	1,1,2,3,4,5,6,7,8,-8,-7,-6,-6,-5,-5,-4,-3,-3,-2,-1,1,2,3,4,5,	4,3,4,3,4,3,2,2,	1:1:1,8:-8:1,-6:-6:1,-5:-5:1,-3:-3:1,-1:1:1,
test_8_78.lh	1,1,2,3,4,5,6,7,8,8,-8,-7,-6,-5,-5,-4,-4,-3,-2,-1,1,2,3,4,5,6,7,8,-8,-7,-6,-5,5,6,-6,	4,3,3,4,6,6,4,5,	1:1:1,8:8:1,8:-8:2,-5:-5:1,-4:-4:1,-1:1:1,-5:5:1,6:-6:1,
test_8_39.lh	1,1,2,3,3,4,5,6,7,8,8,-8,-7,-6,-5,-5,-4,-3,-2,-2,-1,1,2,3,-3,	4,4,5,2,3,2,2,3,	1:1:1,3:3:1,8:8:1,8:-8:1,-5:-5:1,-2:-2:1,-1:1:1,3:-3:1,
test_15_35.lh	1,2,3,4,5,6,7,8,9,10,11,12,13,14,15,-15,-14,-13,-12,-11,-10,-9,-9,-8,-7,-6,-5,-4,-4,-3,-2,-1,-1,1,2,3,4,5,6,7,8,9,10,11,12,13,14,15,-15,-14,-13,-12,-11,-10,-9,-8,8,9,10,11,12,13,-13,	4,3,3,4,3,3,3,5,6,5,5,5,6,4,4,	15:-15:2,-9:-9:1,-4:-4:1,-1:-1:1,-1:1:1,-8:8:1,13:-13:1,
